BioNavigator Version	6.3.67.0	PamGrid Version	Protocol file name	Nate_Cpt1a LKO_Male-Female_PTK_Image Analysis_8-10-2022Date	"Wed, 10 Aug 2022 13:55:03 GMT"																																																								
	Barcode	640214116	640214116	640214116	640214116	640214116	640214116	640214116	640214116	640214116	640214116	640214116	640214116	640214116	640214116	640214116	640214116	640214116	640214116	640214116	640214116	640214119	640214119	640214119	640214119	640214119	640214119	640214119	640214119	640214119	640214119	640214119	640214119	640214119	640214119	640214119	640214119	640214119	640214119	640214119	640214119	640214120	640214120	640214120	640214120	640214120	640214120	640214120	640214120	640214120	640214120	640214120	640214120	640214120	640214120	640214120	640214120	640214120	640214120	640214120	640214120
	Exposure time	5	10	25	50	100	5	10	25	50	100	5	10	25	50	100	5	10	25	50	100	5	10	25	50	100	5	10	25	50	100	5	10	25	50	100	5	10	25	50	100	5	10	25	50	100	5	10	25	50	100	5	10	25	50	100	5	10	25	50	100
	Cycle	94	94	94	94	94	94	94	94	94	94	94	94	94	94	94	94	94	94	94	94	94	94	94	94	94	94	94	94	94	94	94	94	94	94	94	94	94	94	94	94	94	94	94	94	94	94	94	94	94	94	94	94	94	94	94	94	94	94	94	94
	Array	A1	A1	A1	A1	A1	A2	A2	A2	A2	A2	A3	A3	A3	A3	A3	A4	A4	A4	A4	A4	A1	A1	A1	A1	A1	A2	A2	A2	A2	A2	A3	A3	A3	A3	A3	A4	A4	A4	A4	A4	A1	A1	A1	A1	A1	A2	A2	A2	A2	A2	A3	A3	A3	A3	A3	A4	A4	A4	A4	A4
	Sample name	Male Control	Male Control	Male Control	Male Control	Male Control	Male LKO	Male LKO	Male LKO	Male LKO	Male LKO	Female Control	Female Control	Female Control	Female Control	Female Control	Female LKO	Female LKO	Female LKO	Female LKO	Female LKO	Male Control	Male Control	Male Control	Male Control	Male Control	Male LKO	Male LKO	Male LKO	Male LKO	Male LKO	Female Control	Female Control	Female Control	Female Control	Female Control	Female LKO	Female LKO	Female LKO	Female LKO	Female LKO	Male Control	Male Control	Male Control	Male Control	Male Control	Male LKO	Male LKO	Male LKO	Male LKO	Male LKO	Female Control	Female Control	Female Control	Female Control	Female Control	Female LKO	Female LKO	Female LKO	Female LKO	Female LKO
ID																																																													
#REF		82	164	433	852	1720	81	174	423	840	1678	81	160	410	831	1619	79	161	410	824	1655	85	170	443	880	1770	83	167	430	850	1715	79	160	411	822	1646	85	172	440	874	1741	82	169	436	845	1695	78	160	416	820	1631	80	152	404	798	1586	84	170	428	858	1709
#REF		98	195	489	991	1974	94	191	477	961	1897	98	188	481	970	1932	90	181	487	959	1941	89	186	484	961	1940	91	185	468	956	1886	95	189	474	944	1891	97	193	494	1004	1977	91	181	462	930	1864	91	186	459	916	1830	95	183	463	911	1847	96	192	485	955	1937
#REF		95	196	490	970	1979	94	186	460	940	1861	95	190	487	970	1914	97	192	492	974	1952	92	188	482	954	1895	90	189	478	962	1932	95	181	460	925	1823	96	191	481	976	1947	90	174	457	925	1886	88	180	461	917	1837	90	175	448	913	1781	95	187	474	951	1908
#REF		93	189	484	966	1928	97	193	483	977	1947	95	190	478	948	1903	93	189	491	954	1909	90	192	481	951	1940	92	190	478	941	1929	91	183	468	942	1899	96	192	484	968	1934	91	183	460	933	1856	91	181	456	916	1815	91	181	460	907	1843	93	178	481	964	1897
#REF		99	207	524	1061	2090	93	189	474	954	1898	93	187	484	965	1939	99	206	524	1030	2108	98	196	501	992	2003	95	193	477	964	1946	97	193	496	966	1977	100	199	501	1005	2019	101	209	524	1046	2085	101	198	511	1036	2065	101	211	536	1062	2134	100	204	509	1024	2054
#REF		104	208	541	1070	2139	98	200	501	1003	2029	99	195	499	1027	2013	100	207	540	1072	2144	96	199	507	998	2026	90	188	478	956	1921	97	197	488	997	1993	100	197	499	1017	2030	105	210	533	1038	2112	103	206	509	1028	2052	106	211	526	1041	2112	102	204	516	1027	2090
#REF		115	232	580	1160	2324	106	223	562	1095	2220	109	224	553	1108	2200	112	228	568	1154	2281	111	226	570	1139	2286	104	214	542	1076	2179	104	208	547	1103	2176	109	222	575	1133	2244	113	229	579	1174	2335	111	231	570	1152	2327	110	230	574	1154	2329	113	225	581	1135	2296
#REF		112	223	563	1137	2290	107	217	553	1104	2231	106	218	543	1084	2143	104	224	561	1124	2295	109	222	583	1131	2291	107	210	538	1089	2207	107	212	533	1078	2194	109	227	571	1120	2239	110	222	552	1145	2286	110	222	567	1139	2280	109	215	549	1095	2209	109	233	570	1164	2310
EFS_246_258		37	72	188	389	779	45	91	228	467	962	78	152	398	794	1568	64	135	325	667	1368	49	90	221	466	926	52	104	264	548	1101	86	174	447	879	1787	79	147	375	752	1496	37	77	203	421	836	46	91	237	474	972	80	171	420	833	1687	73	145	373	748	1508
41_654_666		4	9	20	46	88	6	10	17	39	78	5	14	39	72	137	6	13	33	69	134	7	13	27	61	124	4	11	30	55	105	13	21	50	112	212	6	13	36	76	159	4	7	20	50	113	4	12	30	54	117	8	16	39	82	164	9	14	39	74	153
ACHD_383_395		0	-2	-6	-5	-13	0	-2	-5	-8	-11	0	-3	0	-1	-11	0	1	1	-4	-10	-1	-4	-5	-9	-17	-1	2	-5	-12	-16	1	0	-2	-5	-2	-3	-2	-7	-5	-15	-3	-2	-6	-8	-20	-2	-1	-8	-12	-25	-1	-2	-6	-8	-16	-1	-3	-2	0	-4
AMPE_5_17		-1	-1	0	8	16	3	3	9	19	26	1	1	4	8	20	1	3	4	8	18	3	2	2	11	16	1	2	2	7	15	0	2	3	10	26	3	2	7	18	18	-1	-3	-1	6	10	1	2	1	12	20	2	1	1	6	15	2	2	7	12	27
ANXA2_17_29		-3	-1	-4	0	3	2	3	6	-1	6	0	2	4	-3	2	-1	0	1	3	7	-1	0	-2	1	8	1	0	0	-4	-5	1	0	1	4	5	0	-3	-1	0	1	-1	-2	-3	-2	-8	1	-1	1	-5	-1	2	2	0	-6	-8	1	0	0	3	3
ART_004_EAIYAAPFAKKKXC		14	30	74	157	310	13	28	67	133	273	18	34	94	187	384	19	37	91	188	370	18	36	87	172	354	13	27	69	139	273	21	41	110	218	440	19	41	101	215	418	15	35	87	175	359	16	31	80	160	316	20	46	107	225	448	23	41	109	222	438
B3AT_39_51		-1	-1	-4	-7	-12	-1	-3	-7	-13	-22	-1	-2	-6	-12	-22	0	-2	-5	-2	-16	-1	-2	-5	-10	-9	-2	0	-1	-4	-9	-1	-1	-1	-1	-7	-3	-4	-5	-9	-16	-3	-3	-5	-2	-23	1	-1	-4	-7	-15	-2	0	-2	-5	-15	-1	-3	-4	-8	-8
C1R_199_211		1	-1	0	-3	-6	-3	-1	-2	-11	-12	0	1	-1	-3	0	-2	0	1	-5	-5	1	1	4	15	19	0	-1	-1	-4	0	2	0	-1	4	1	0	0	-3	-2	-2	-2	-2	-3	-9	-10	1	-1	-1	-2	5	1	-1	2	-3	3	-1	-3	-7	-19	-24
CALM_93_105		-3	-1	-2	-9	-20	-2	-1	-6	-2	-17	-2	-3	-3	-13	-13	-1	-2	-5	-13	-18	-3	-2	-7	-4	-5	-2	-2	0	-8	-21	-1	-1	-6	-15	-18	-2	0	-2	-1	-3	-2	-1	-6	-7	-12	1	-2	-5	-9	-21	-3	1	-3	-4	-13	-1	-3	-10	-17	-27
CALM_95_107		0	0	-1	1	-10	0	0	2	0	1	1	-1	0	1	1	0	1	1	1	-1	2	2	3	6	10	-1	1	1	1	10	2	3	2	2	15	0	1	1	4	4	1	4	-4	9	14	-3	0	-1	-5	-6	0	0	6	8	22	-1	-1	1	1	3
CBL_693_705		0	-3	1	-6	-4	0	-1	4	3	11	0	2	7	9	23	0	0	0	-2	10	0	2	4	6	18	0	1	3	4	7	2	0	3	8	4	-1	1	0	7	9	-2	0	-4	-4	-5	-2	-3	-4	-5	-13	0	2	2	13	23	0	-1	0	-1	-1
CD3Z_116_128		1	-2	2	1	14	2	0	2	-5	-1	2	6	10	20	45	1	3	8	13	33	0	-3	5	4	7	0	3	1	16	21	1	2	9	20	48	1	2	5	12	31	-1	0	2	4	8	0	4	3	5	7	3	6	14	26	57	-1	2	4	14	29
CD3Z_146_158		0	0	-4	-8	-15	-1	0	-4	-8	-17	1	-2	2	-1	13	1	0	-2	-2	-12	-2	-2	-2	-6	-7	-2	0	-2	0	-10	-1	0	-2	-6	-4	0	-1	-2	3	3	-1	-1	0	0	1	-2	-3	-7	-8	-13	3	0	0	5	1	-1	-3	5	-3	-7
ART_003_EAI(pY)AAPFAKKKXC		175	349	884	1766	3301	160	336	842	1654	3322	159	313	799	1600	3194	153	304	786	1549	3121	201	409	1018	2011	3216	166	343	877	1752	3287	163	336	837	1679	3291	152	311	781	1555	3108	171	358	882	1764	3304	169	345	856	1723	3314	156	321	803	1616	3262	163	319	817	1631	3246
CDK2_8_20		9	19	41	100	188	9	20	52	107	208	17	33	81	162	334	11	28	67	141	277	11	26	66	129	275	12	27	66	133	258	20	37	101	199	408	18	36	84	175	352	11	20	60	119	242	13	25	61	128	267	21	42	101	202	405	15	33	84	173	344
CDK7_157_169		1	3	6	18	33	0	1	5	17	22	2	5	7	21	42	1	1	12	24	48	1	4	9	19	30	2	2	6	13	20	4	5	18	32	53	2	4	13	22	51	5	4	9	19	39	1	3	7	12	36	0	5	10	23	39	1	4	10	21	41
CRK_214_226		-1	-1	-6	-12	-17	-2	-1	-6	-11	-18	-2	-1	-9	-10	-18	-1	0	-3	-11	-21	-2	-2	-6	-3	-10	-2	-4	-4	-9	-13	-2	-1	1	-2	-6	-1	0	-4	-13	-18	0	-4	-5	-7	-31	-3	-3	-8	-8	-24	-2	-1	-6	-14	-20	-1	0	-6	-9	-22
CTNB1_79_91		-1	0	6	7	29	2	3	14	16	36	3	8	10	25	61	2	2	12	18	31	0	2	3	10	22	1	3	6	15	41	3	7	15	31	81	1	5	12	20	34	0	2	6	20	31	3	6	8	17	32	4	8	17	34	72	1	2	12	21	36
DCX_67_79		3	6	16	33	70	2	5	15	34	58	6	5	19	32	69	2	5	18	36	82	2	9	16	32	65	3	5	14	24	65	5	9	16	38	81	3	8	16	38	80	4	6	18	38	84	4	8	22	40	78	3	8	18	39	75	5	7	21	38	88
DDR1_506_518		2	3	8	8	13	-1	1	5	4	14	1	0	-2	7	3	2	3	8	23	39	1	0	-1	-2	-9	0	0	-2	0	5	2	1	7	4	19	1	2	10	17	36	1	0	2	7	8	0	1	2	4	7	1	4	4	14	20	1	3	8	16	41
DYR1A_212_224		1	-1	-8	-7	-13	-1	1	-6	-8	-22	0	-2	-8	-12	-14	-1	-1	-5	-4	-7	-2	-2	-3	-9	-26	-2	-2	-2	-8	-15	0	-1	-1	-8	-7	-1	2	-4	-1	-9	-1	-3	-7	-17	-27	-2	-3	-6	-12	-24	-1	-5	-6	-6	-17	-2	-1	-4	-8	-13
DYR1A_312_324		2	3	2	11	11	0	4	3	7	18	4	5	11	22	43	0	4	8	18	40	1	7	10	15	37	1	4	5	4	7	3	3	11	21	41	0	6	10	20	45	1	1	4	11	28	1	1	10	14	38	2	5	7	19	41	0	5	9	21	44
EGFR_1062_1074		-2	2	-1	3	-12	-3	-2	-1	-9	-14	0	-2	-4	-3	-7	1	1	0	-9	-2	-3	1	0	1	2	-2	0	-3	-5	-2	0	1	1	0	-1	-2	1	-3	-4	-4	0	-2	-6	-4	-12	-1	-2	-1	-6	-7	0	-1	-4	1	-1	-1	-3	-8	-10	-19
EGFR_1103_1115		0	2	0	-6	-5	-1	-2	2	3	7	2	1	-2	2	1	2	1	3	7	1	1	1	3	5	6	-3	-1	-3	5	-2	0	-2	4	7	2	1	2	0	2	10	1	2	0	9	30	1	3	5	6	12	3	1	4	9	10	0	-2	-2	-2	-9
EGFR_1118_1130		0	1	-5	-6	-5	0	1	3	6	8	-1	-1	1	2	9	-1	0	-1	0	1	-1	-1	-2	-3	-3	-1	-2	-1	-4	-4	0	1	1	0	-6	0	-1	-1	2	1	0	-1	0	-4	-9	-1	1	-2	-5	-4	-1	-2	-4	-4	-8	0	-1	-5	-4	2
EGFR_1190_1202		0	3	2	2	5	-1	-1	1	1	3	3	2	6	9	23	0	2	1	6	10	1	0	1	0	5	-1	-3	3	4	9	3	2	6	13	24	1	1	4	8	15	-1	2	-1	0	0	-1	0	0	-6	0	3	2	7	17	30	2	2	8	11	19
EGFR_862_874		1	-2	-6	-29	-27	-1	-2	-5	-11	-24	2	-1	-8	-13	-26	0	-2	-5	-8	-31	-2	-1	-7	-4	-17	-3	0	-4	-4	-11	0	-3	-3	-9	-19	-3	0	-6	-9	-7	1	0	2	6	2	-1	-1	-6	-10	-18	-1	1	-4	-4	-8	0	-1	-4	-9	-21
EGFR_908_920		1	-2	-6	-9	-14	0	-7	-7	-15	-34	-1	-1	-9	-19	-41	-3	-4	-5	-9	-25	-2	0	-3	-6	-15	-3	-2	-5	-8	-29	-1	-1	-2	-5	-11	-2	-1	-5	-4	-13	-1	-3	-12	-15	-28	-1	-2	0	-8	-19	-1	-2	-9	-19	-31	-2	-4	-8	-19	-30
EPHA1_774_786		1	7	18	35	67	3	6	17	33	70	5	8	23	49	102	4	7	16	45	81	5	10	27	57	117	3	9	27	45	97	3	14	36	68	138	5	9	23	54	104	4	6	19	46	80	5	9	19	42	84	5	10	26	55	113	3	6	24	46	88
EPHA2_581_593		0	-1	-5	-9	-23	1	-1	-2	-11	-19	-1	-3	-3	-10	-26	-1	-1	-1	-3	-6	-2	-1	-3	-10	-11	-1	-5	-8	-17	-35	1	-2	-4	-5	-5	0	-2	-6	-6	-20	-2	0	-5	-10	-19	0	-1	-5	-7	-18	1	-4	-6	-15	-21	0	-4	-5	-6	-20
EPHA2_765_777		8	16	41	83	149	9	16	39	75	144	11	20	53	111	219	8	14	36	68	149	8	18	50	104	204	8	17	47	91	179	12	25	62	130	257	11	19	45	97	189	6	19	46	105	194	8	19	39	76	165	9	21	52	109	215	7	17	37	78	160
EPHA4_589_601		2	2	2	2	16	1	3	7	16	33	3	3	4	15	29	1	2	6	15	20	2	1	5	7	15	3	4	9	15	21	0	3	6	12	27	2	5	5	22	31	1	1	3	7	14	2	5	7	12	22	1	0	6	11	28	1	3	6	10	28
EPHA4_921_933		-1	1	-1	-4	-16	0	1	-2	-6	-4	1	-1	-2	0	4	-1	-3	-3	-4	-13	-1	0	-2	-1	8	-2	-1	0	0	-2	-2	-4	-8	-4	-7	1	0	-4	-2	1	0	-1	-5	-7	-11	0	2	-2	-2	-3	0	-3	-6	-5	-13	0	0	1	-1	-6
EPHA7_607_619		8	18	40	79	147	9	14	41	68	154	12	21	56	123	233	10	16	51	99	196	6	12	33	72	134	7	10	30	65	131	13	27	70	137	274	13	20	50	102	192	6	18	38	82	177	6	13	30	69	130	13	25	62	126	259	11	18	53	102	201
EPHB1_771_783		5	12	25	48	93	3	7	18	39	87	6	12	31	66	139	4	11	24	54	106	7	11	30	62	129	6	5	24	44	78	6	13	35	75	140	4	10	29	50	98	6	13	27	52	112	4	9	23	43	92	9	15	35	77	149	6	10	35	63	123
EPHB1_921_933		4	5	10	27	52	2	3	9	19	37	5	5	14	26	48	5	4	13	29	56	2	9	16	29	63	3	6	10	22	51	3	5	16	27	55	4	7	13	30	67	2	4	11	30	50	2	3	11	29	53	4	3	16	32	65	3	5	15	30	58
EPHB4_583_595		1	0	3	4	8	0	-3	-2	-2	-2	1	3	4	8	16	1	-1	3	8	6	1	1	1	2	9	-2	-3	1	-1	-14	0	-1	0	0	1	2	0	-1	5	12	-2	2	-2	2	3	2	3	-3	-2	-2	2	1	0	3	5	0	0	0	4	6
EPOR_361_373		7	10	32	59	123	6	12	29	56	127	13	23	59	121	236	9	15	49	98	195	6	12	29	65	136	6	11	26	51	102	11	21	55	116	238	10	19	46	97	189	8	13	34	69	155	7	13	31	69	143	15	25	64	127	258	11	20	51	105	223
ERBB2_870_882		4	5	11	24	50	3	3	13	20	51	3	5	16	41	69	1	4	10	22	51	3	3	12	37	71	2	7	17	25	57	3	9	19	46	98	5	5	15	25	55	1	3	11	25	49	2	5	11	20	49	4	5	19	34	80	2	5	14	28	54
ERBB4_1181_1193		-2	-2	-3	-7	-16	1	-2	-3	-6	-4	-2	-1	1	-1	-2	-1	1	2	4	-4	-1	1	1	6	3	1	-1	-1	-3	-5	1	-1	-2	3	8	0	0	-2	-1	-10	-1	0	0	0	-21	0	-1	-3	-9	-14	0	1	0	-3	0	1	-2	-4	-1	-11
EFS_246_258_Y253F		1	0	-2	-4	-30	-1	-2	-5	-11	-19	-2	-5	-8	-11	-35	2	-1	-5	-6	-17	-3	-3	-5	-16	-23	-2	-3	1	0	-1	-1	-1	-1	-4	-3	0	1	-2	-2	-12	0	1	0	-6	-10	0	-1	-9	-8	-14	-1	-1	-7	-9	-17	-1	0	1	-2	-16
FABPH_13_25		2	-1	-3	0	-3	1	-2	1	-6	-19	-3	-3	-6	-15	-35	2	-1	-4	-9	-13	-3	-2	-2	-4	-5	0	-3	-6	-12	-18	-2	-1	-2	-4	-19	1	2	-3	-6	-19	-1	-1	-5	-8	-13	-1	-1	-9	-8	-16	0	-2	-3	-6	-14	-1	-6	-4	-11	-25
FAK1_569_581		3	1	11	24	33	2	-1	7	14	20	1	3	4	16	36	4	5	13	23	49	1	3	8	23	49	1	7	8	18	43	4	6	12	21	43	2	5	10	25	44	1	2	6	17	37	1	3	6	18	37	5	7	10	25	56	3	5	10	23	53
FAK2_572_584		9	10	35	62	123	6	11	40	75	133	9	20	56	114	216	11	17	50	101	186	8	17	38	90	167	7	15	43	80	157	12	30	65	139	286	8	18	46	101	203	5	15	34	69	146	7	14	37	80	162	11	23	57	118	239	9	16	44	90	174
FER_707_719		9	10	28	54	103	6	10	26	46	104	9	17	40	83	168	8	12	32	64	126	7	9	32	58	114	7	12	30	51	118	9	18	48	96	203	9	16	39	79	165	4	7	23	52	98	5	11	27	48	114	11	18	39	89	184	7	16	36	76	158
FES_706_718		12	21	57	98	208	11	19	53	106	206	17	33	85	173	363	16	24	66	139	275	13	22	51	112	223	11	21	52	104	212	19	37	96	190	384	14	28	74	151	307	9	22	53	107	223	8	21	54	106	210	20	37	94	176	385	16	30	70	144	299
FGFR3_641_653		-2	-1	-2	-7	-23	2	-1	-6	-14	-25	-2	-1	-2	-10	-13	2	-2	-2	-5	-9	0	-5	-11	-15	-24	1	-4	-6	-15	-21	1	-4	-5	-14	-28	-1	-5	-4	-11	-24	-1	-1	-2	-9	-22	-3	-2	0	-5	-5	-1	-7	-9	-17	-37	-1	-3	-7	-11	-17
FRK_380_392		26	49	122	257	482	24	49	121	251	496	34	74	186	381	752	30	60	145	296	608	25	50	128	261	535	23	50	112	227	448	38	78	202	402	810	30	62	156	323	644	27	50	132	268	529	24	46	120	240	470	40	82	204	415	841	35	65	168	352	709
INSR_1348_1360		1	-1	3	3	-8	1	2	0	-1	-2	-2	0	4	2	2	1	0	1	6	9	2	2	4	5	19	0	2	-1	0	-9	1	0	-2	3	-1	-2	0	1	3	13	-1	1	-2	-1	-1	-1	0	0	3	9	1	0	1	-3	1	2	-1	-3	0	6
INSR_992_1004		-1	-4	-6	-11	-23	-2	-1	-8	-16	-32	-3	-2	-5	-8	-18	3	-1	0	-6	-12	2	-2	0	-1	5	1	-1	-5	-10	-11	0	-2	-3	1	-16	0	1	-3	1	-3	-1	-2	-4	-2	-23	-2	0	-4	-6	-8	0	-2	-5	-8	-10	-1	-3	-1	-13	-20
JAK1_1027_1039		5	9	21	43	81	5	6	18	37	70	7	9	35	64	128	5	9	26	48	100	4	9	20	53	93	3	4	15	31	66	6	14	30	60	126	3	8	28	50	111	5	8	16	38	75	3	5	21	37	69	8	12	38	70	140	6	13	28	56	109
JAK2_563_577		5	7	18	31	64	5	3	18	26	54	6	12	32	61	119	5	8	29	52	105	3	6	20	38	72	4	7	11	27	58	8	11	29	63	129	5	10	24	51	106	5	6	17	39	80	1	6	20	33	63	5	12	30	64	125	4	11	24	52	94
K2C6B_53_65		4	10	23	45	85	4	5	17	35	66	5	9	22	46	87	3	11	24	50	98	4	6	17	32	66	3	5	13	31	45	3	12	21	34	74	3	6	16	41	79	2	9	16	38	68	4	7	14	28	61	4	8	21	41	84	6	10	25	45	115
K2C8_425_437		1	0	2	1	2	0	3	4	7	6	-1	1	3	4	14	-1	3	2	6	-2	3	2	2	5	4	-1	1	5	4	5	0	4	6	3	16	1	3	0	9	14	2	2	3	0	11	-2	0	0	6	9	1	0	5	12	30	1	2	2	8	26
LAT_194_206		0	-3	1	-3	-11	2	-1	-1	2	8	1	0	6	16	22	1	1	2	11	17	2	2	9	15	27	0	3	-1	11	4	-1	3	4	10	29	2	1	0	1	9	2	2	2	12	31	-1	-2	-3	2	2	2	0	2	7	27	0	1	1	4	7
LAT_249_261		4	11	25	48	91	5	9	19	34	76	5	13	36	79	158	5	8	20	54	105	8	11	28	49	127	5	11	24	51	106	4	9	30	64	134	3	11	25	58	107	7	11	25	42	82	1	5	7	23	43	8	12	33	69	135	3	9	20	49	92
LCK_387_399		5	7	25	47	111	4	9	21	43	87	6	13	42	73	153	5	10	29	56	111	7	12	36	58	127	5	11	29	55	115	8	16	43	96	186	9	12	31	64	128	6	10	22	50	111	3	10	27	53	103	10	13	41	81	162	5	11	30	64	123
MBP_198_210		-1	1	1	7	17	0	0	2	5	3	0	0	4	14	22	2	3	5	6	14	-1	1	2	10	20	1	1	0	3	16	4	2	2	6	7	5	2	8	8	21	1	-1	2	7	8	0	0	7	7	16	2	1	4	15	15	2	1	7	10	15
MBP_259_271		0	1	7	16	21	3	0	2	11	13	0	0	1	3	7	0	0	3	-2	10	0	4	2	10	22	1	0	2	2	12	2	3	6	11	20	2	2	5	2	16	0	-1	5	5	7	0	1	1	1	-6	1	0	0	5	4	-1	3	5	2	13
MBP_263_275		0	3	2	9	5	1	3	4	11	17	2	-1	2	0	5	0	5	6	11	20	0	2	2	7	11	1	1	4	0	15	2	2	5	11	17	1	2	8	13	23	-1	-2	2	10	12	1	3	11	8	18	0	1	2	12	17	3	3	10	9	25
MET_1227_1239		4	8	16	27	64	3	6	16	29	69	4	8	19	41	77	2	8	20	40	76	2	9	19	41	81	2	8	23	36	86	2	12	27	55	106	5	10	22	44	87	5	7	16	41	84	4	7	21	45	84	7	8	24	47	97	3	8	22	50	98
MK01_180_192		0	2	7	8	22	3	0	7	10	24	1	4	5	8	26	-1	3	6	11	28	-1	2	4	6	15	-1	0	4	12	13	2	3	6	11	30	3	4	10	20	37	2	1	9	18	35	1	1	2	0	7	3	5	10	18	45	1	4	10	19	43
MK01_198_210		-3	-2	-8	-15	-32	0	-2	-4	-11	-25	0	-2	-4	-8	-12	-1	-1	-4	-5	-6	-2	-4	-3	-6	-17	0	-1	-6	-7	-26	-1	-2	-7	-9	-13	0	-2	-3	-13	-12	-2	-3	-9	-9	-28	-2	-1	-1	-10	-10	-2	-2	-6	-19	-35	-2	-2	0	-5	0
MK07_212_224		2	3	1	6	12	1	3	3	7	16	3	4	6	16	33	0	1	8	13	26	1	2	10	15	39	2	2	8	10	26	2	4	8	17	31	2	3	8	11	25	0	0	5	16	27	2	3	8	24	34	0	3	6	13	25	0	3	7	18	34
MK10_216_228		3	10	21	43	82	3	6	15	29	64	4	8	18	39	80	5	8	22	43	90	5	7	21	33	79	4	6	17	35	73	4	6	18	40	77	4	6	21	34	75	2	9	18	35	72	2	6	19	34	76	4	10	22	50	93	4	12	23	49	106
NCF1_313_325		10	20	48	99	195	9	19	50	97	197	9	21	52	97	193	9	20	56	109	225	8	17	49	105	216	8	15	41	87	177	10	17	46	91	192	10	21	48	110	204	10	21	54	106	218	10	21	52	101	201	11	23	52	105	213	13	22	63	120	246
NPT2A_501_513		6	15	40	87	163	9	13	33	77	151	8	15	41	86	163	7	15	42	88	180	4	11	29	65	124	6	10	29	65	133	8	12	37	72	151	10	18	40	87	161	7	15	35	71	137	7	13	33	75	143	9	16	41	82	168	9	17	51	101	196
NTRK1_489_501		3	3	9	18	48	2	3	4	16	23	1	4	7	10	27	1	2	11	16	34	1	3	11	19	40	2	1	4	8	21	3	4	9	13	37	3	1	4	13	9	1	3	7	16	26	1	-1	5	8	15	2	4	10	16	40	1	2	7	17	24
NTRK2_509_521		-1	-1	-5	-7	-7	-1	-4	-5	-10	-7	0	-2	-2	0	-4	1	1	2	1	1	-1	-2	-2	-7	-17	1	-2	-2	-6	-11	1	-1	-1	-1	-5	1	0	0	4	0	1	-1	0	9	8	0	-4	-2	-11	-13	-1	-1	-1	-2	-10	-3	0	-3	-7	-10
NTRK2_696_708		3	7	15	34	73	3	1	9	18	30	2	4	14	26	62	3	4	10	26	54	3	5	13	25	63	2	5	10	24	54	3	6	20	35	66	4	2	19	33	52	3	5	12	27	51	3	6	14	26	40	2	5	17	33	68	3	7	12	25	50
ODPAT_291_303		-1	3	2	3	5	-1	-2	-4	-3	-5	-2	0	1	2	6	0	1	0	-4	-1	0	2	-2	3	-1	1	0	3	4	10	0	0	-1	-3	-4	-1	0	0	-4	-3	-1	3	1	4	2	-1	2	-2	-1	1	-3	-1	1	0	2	-3	0	-3	-8	-13
PAXI_111_123		18	41	100	201	399	18	40	94	192	394	31	71	178	346	710	28	52	133	260	530	19	40	100	211	409	21	44	106	224	418	36	75	187	382	757	30	58	152	312	621	20	40	103	212	435	19	40	101	213	409	32	69	170	349	702	28	56	141	288	579
PAXI_24_36		7	12	40	77	152	7	17	36	76	142	8	22	59	118	231	12	20	49	101	198	5	15	35	76	149	6	16	35	72	146	12	26	62	125	267	10	22	52	109	221	9	15	40	82	160	10	13	34	78	137	12	27	60	125	249	12	22	47	102	203
PDPK1_2_14		10	16	43	83	165	6	16	36	87	156	12	25	61	123	251	10	20	47	108	221	9	19	52	106	201	9	16	37	86	161	13	27	62	129	265	9	22	58	120	239	11	21	51	105	212	9	19	42	91	183	12	26	69	125	259	11	22	57	110	231
PECA1_706_718		10	19	47	95	199	7	18	43	94	187	14	29	72	152	307	11	24	67	119	254	11	22	59	113	232	10	19	48	101	201	16	33	78	167	339	10	28	68	133	273	13	22	57	123	230	10	19	54	110	209	17	31	81	161	328	11	28	68	144	278
PERI_458_470		-1	-1	0	-4	-19	-2	0	-3	-11	-5	-1	-1	-3	-6	-10	0	-1	0	-4	-4	-2	0	-5	-6	-21	-1	-2	2	-3	-8	-1	-3	-2	-6	-3	-1	1	3	4	3	-1	0	-4	-4	-13	-2	-1	-5	-9	-20	0	-1	-3	-9	-16	0	-2	-3	-10	-15
PGFRB_1002_1014		0	1	-1	4	1	-3	2	0	2	1	2	2	10	20	45	1	4	14	21	51	0	1	6	5	17	1	2	2	4	19	3	2	13	26	47	0	2	7	19	32	1	4	8	17	35	0	3	0	7	14	2	7	11	27	62	1	3	11	23	52
PGFRB_709_721		2	3	11	21	53	0	1	8	12	34	3	6	17	39	70	3	6	11	26	59	2	8	10	23	65	4	7	11	22	36	5	6	20	32	70	1	7	16	35	55	4	5	13	29	64	3	7	15	31	66	3	7	20	35	77	2	3	13	31	66
PGFRB_768_780		0	4	6	10	15	0	0	4	6	7	1	1	4	11	19	2	1	5	10	9	-1	0	3	5	12	-1	-1	-1	1	9	1	0	9	3	15	0	3	9	13	23	0	2	3	-1	8	-2	2	6	2	13	1	3	6	14	43	1	2	5	5	15
PGFRB_771_783		1	1	-6	-10	-11	-2	0	-4	-1	-7	1	0	0	5	5	-1	2	2	0	6	0	0	3	4	13	-1	1	-5	0	-9	-1	1	-2	7	8	0	1	-2	3	11	2	2	1	9	5	0	0	-1	-4	-3	0	2	3	9	14	1	1	-2	2	11
PLCG1_1246_1258		0	0	8	12	25	1	2	1	13	22	0	4	5	10	26	1	2	3	5	4	1	2	8	14	34	0	4	5	14	20	1	2	13	18	43	0	5	4	11	27	1	3	4	10	37	1	3	3	9	8	1	5	6	12	26	0	4	4	16	27
PLCG1_764_776		25	52	134	265	554	24	50	132	259	528	43	86	224	444	905	34	65	177	359	718	25	49	123	264	505	24	47	124	255	486	39	82	208	412	824	28	62	154	304	612	26	52	125	263	524	27	50	129	249	517	39	74	194	399	810	36	77	188	388	773
PRGR_545_557		-3	-2	-8	-21	-36	-2	-4	-7	-11	-24	-2	-5	-8	-16	-26	-1	-3	-5	-11	-22	1	-3	-3	-15	-30	2	-1	-6	-9	-13	-1	0	-5	-6	-12	-1	1	-5	-6	-10	-1	0	-3	-9	-15	-1	-1	-3	-9	-18	0	0	-6	-11	-22	-1	-2	-5	-10	-26
PRGR_786_798		1	-2	2	8	11	0	1	-1	-6	-4	0	3	3	1	20	1	1	3	1	5	1	0	-2	0	-2	1	1	1	6	10	0	3	7	13	20	0	0	4	13	11	0	0	-1	-5	-12	-2	-1	1	-4	-15	-2	-1	3	3	7	2	0	5	5	12
PP2AB_297_309		2	2	0	6	12	0	-2	1	3	13	1	1	6	8	17	2	0	4	14	27	-1	3	10	20	34	-1	2	9	16	27	2	3	8	15	52	1	3	10	18	32	1	1	6	17	24	1	3	5	14	17	2	4	9	12	26	3	1	3	8	14
PRRX2_202_214		2	4	16	34	63	0	3	11	26	49	2	5	19	40	75	4	2	15	32	66	3	10	22	45	78	2	7	12	30	63	3	7	22	46	100	1	6	20	39	66	2	7	19	36	76	4	5	18	36	72	2	4	16	32	60	4	8	21	35	72
PTN11_539_551		1	1	2	9	20	1	3	10	16	21	2	1	5	8	19	-1	2	4	9	25	-1	5	8	13	25	0	-2	4	7	16	4	5	12	12	38	0	3	9	13	31	2	4	4	13	18	3	4	5	10	8	2	3	7	14	29	4	2	10	13	39
RB_804_816		1	5	14	28	58	1	8	12	21	40	3	4	17	31	65	4	3	15	32	59	3	7	15	30	52	1	1	10	18	35	3	2	15	31	55	2	8	16	33	61	3	5	14	28	57	2	4	16	25	49	3	5	17	29	63	2	6	14	30	66
RBL2_99_111		1	-2	-5	-8	-18	-3	-7	-3	-9	-25	-1	-2	0	-7	-5	-1	-2	-3	-5	-3	-1	-3	-6	-11	-26	-1	0	-3	-6	-12	0	-5	-1	-11	-13	-2	-2	-2	-4	-22	-2	-5	-7	-5	-12	-1	0	-6	-7	-22	-1	-3	-3	-12	-18	1	-1	-3	-6	-22
RET_1022_1034		8	19	55	114	233	11	18	50	95	216	17	32	81	174	338	11	24	61	133	259	10	21	49	114	215	10	18	47	98	209	16	29	83	159	330	13	27	67	140	282	11	23	54	119	235	9	21	45	91	189	16	34	81	165	336	16	26	71	149	300
RET_680_692		-3	-4	-6	-14	-28	-1	-1	-6	-14	-23	-2	-5	-4	-20	-27	-1	-3	-3	-12	-15	-1	-2	-4	-9	-21	-2	-2	-5	-8	-22	0	-4	1	-8	-9	-1	-4	-5	-9	-26	1	-3	-4	-8	-22	-1	0	-4	-11	-17	0	-2	-11	-15	-35	0	-4	-6	-14	-23
RON_1346_1358		0	7	10	19	25	1	1	7	8	17	5	2	18	31	69	3	5	11	26	57	3	6	14	22	37	0	4	7	14	29	3	3	17	31	63	3	6	16	28	52	2	4	11	18	47	2	6	9	21	51	1	8	11	24	50	3	1	11	24	44
STAT1_694_706		0	-2	-6	-14	-19	-2	-2	-9	-15	-29	0	-5	-7	-17	-17	-2	0	-3	-11	-18	-1	-4	-6	-16	-27	-2	-4	-2	-12	-13	1	-1	-4	-9	-18	-2	-2	-3	-9	-6	-2	-3	-5	-18	-34	1	-1	-9	-15	-42	-1	1	-6	-13	-19	-1	-4	-6	-14	-31
STAT3_698_710		-1	0	-4	-15	-23	0	-1	-1	-3	-15	0	-2	-3	-5	2	-1	-1	-2	-4	-14	0	1	-4	-6	-6	-1	-4	-4	-2	-13	-1	-4	-1	-2	-7	0	-1	1	-3	-4	1	-1	-1	-1	-8	-1	4	-2	-4	-7	-1	-4	-5	-4	-8	0	-4	0	-10	-18
STAT4_686_698		-1	-2	-8	-18	-38	-1	-2	-7	-14	-21	-4	-6	-11	-29	-39	1	-6	-4	-9	-21	-3	-1	-2	-16	-15	-2	-2	-3	-7	-22	-1	-5	-5	-3	-20	0	1	0	-3	-11	-2	-5	-8	-17	-26	0	-2	-9	-16	-34	-1	-3	-8	-12	-24	-1	-6	-5	-14	-17
STAT4_714_726		-2	-2	-6	-4	-12	-1	-1	-6	-10	-27	1	-3	-2	-2	5	0	-2	2	-2	-6	0	1	1	-8	-10	-4	-1	-3	-1	-5	-1	-1	-3	-5	-11	1	1	-2	1	-3	-1	-1	1	-8	-7	-1	0	-4	-6	-14	0	6	11	8	20	0	-2	1	-3	-6
STA5A_687_699		-3	-3	-4	-13	-24	-1	-3	-9	-19	-24	-2	-6	-7	-13	-28	1	-2	-3	-15	-23	-1	-3	-6	-10	-20	-2	-3	-8	-17	-32	0	-2	-6	-9	-26	-1	0	0	-9	-22	0	-5	-4	-7	-17	-2	-1	-8	-3	-25	1	-1	-7	-18	-28	-2	-3	-6	-9	-21
STAT6_634_646		0	0	-3	-10	-16	-1	-2	-4	-20	-29	0	-4	-5	-11	-20	-1	-2	-4	-11	-21	-1	1	-2	-10	-16	-2	-3	-2	-10	-21	0	-3	-6	-12	-23	0	-2	-3	-6	-14	-1	-4	-4	-11	-25	-2	0	-5	-15	-14	-1	-6	-10	-14	-30	-1	0	-11	-5	-15
RAF1_332_344		3	10	28	50	110	4	10	25	50	94	5	13	31	65	117	5	14	27	55	112	4	9	31	60	115	3	9	28	59	104	6	12	34	66	142	6	10	27	63	131	6	13	26	52	114	7	10	25	55	109	6	12	33	65	139	5	10	28	50	115
RASA1_453_465		5	15	40	82	164	6	10	33	68	139	13	28	63	128	277	9	19	50	106	226	10	19	39	97	181	6	14	41	85	158	11	29	82	145	301	8	21	55	120	240	6	13	37	77	158	9	16	43	89	179	14	26	67	129	264	10	23	55	115	225
TNNT1_2_14		-2	-3	-10	-25	-53	-2	-3	-10	-24	-53	-1	-4	-11	-20	-46	-3	-6	-11	-28	-62	-2	-7	-12	-23	-46	-3	-10	-21	-33	-52	-3	-6	-9	-27	-53	-4	-5	-16	-34	-61	-5	-6	-18	-34	-60	-2	-8	-13	-27	-65	-2	-4	-12	-25	-53	-4	-5	-17	-29	-52
TYRO3_679_691		4	4	25	44	93	5	9	21	50	94	3	10	30	55	115	6	10	23	50	102	6	9	26	53	101	1	9	20	42	86	4	11	29	49	113	3	9	26	53	115	6	9	28	59	112	5	9	24	48	95	8	8	27	51	113	5	11	25	51	116
VGFR1_1040_1052		0	2	4	5	22	0	3	3	5	15	0	4	5	16	17	1	2	9	18	33	2	2	5	10	12	0	0	4	12	20	-1	2	7	17	38	4	3	5	22	32	-1	0	2	12	21	2	2	5	5	23	4	1	7	16	36	4	1	5	4	18
VGFR1_1046_1058_Y1048F		0	0	2	-2	-1	-1	-2	-2	0	-12	-1	-2	-3	-5	-12	0	-3	-3	-2	-7	0	0	-1	-4	-11	-2	-1	-4	-6	-9	-3	0	-1	-7	-15	1	2	3	1	5	-3	-2	-3	-7	-13	-1	0	-2	-6	-13	2	-5	-1	-4	-8	0	1	-4	-3	-8
VGFR1_1049_1061		-1	0	-3	-1	-5	0	0	-2	3	8	1	1	4	2	-5	0	0	3	1	0	3	1	3	0	17	-2	-1	-1	2	7	0	1	5	7	21	-2	2	2	4	7	-3	1	-1	-1	8	1	-1	3	2	-3	2	-2	1	0	6	0	0	5	2	7
VGFR1_1162_1174		-2	-5	-8	-16	-26	-3	-5	-9	-9	-25	-3	-3	-5	-13	-28	-1	-1	-5	-1	-10	-1	0	-1	-2	-4	-3	-1	-2	0	-9	0	-2	-1	-3	-18	0	-3	-4	-14	-18	-4	-3	-5	-17	-19	0	-2	-6	-5	-10	3	-3	0	-1	0	-2	-3	-12	-18	-27
VGFR1_1206_1218		0	1	3	7	6	1	1	0	3	5	0	2	-1	1	-4	-1	0	-2	-1	-2	1	-1	-3	3	4	-1	-2	2	2	6	0	-3	-1	0	-1	1	-2	-1	1	-7	0	-3	-1	5	-1	0	-1	-2	3	-7	1	0	-2	5	5	1	-1	-3	0	-5
VGFR2_1046_1058		1	6	12	21	35	-1	1	3	12	25	2	6	12	24	53	1	6	12	21	49	3	4	11	16	45	1	5	8	17	39	4	7	14	28	64	3	3	11	26	46	1	5	8	21	44	2	3	13	28	48	3	8	23	28	76	0	5	11	18	40
VGFR2_1207_1219_C1208S		-1	-5	-6	-4	-38	-1	-3	-6	-13	-21	-3	-3	-7	-9	-26	-2	-5	-3	-7	-20	2	-2	-1	-10	-11	-2	-2	-3	-6	-10	-1	-2	-3	-16	-21	-1	0	-1	-1	-3	1	-4	-9	-10	-15	-1	-3	-10	-14	-25	1	-3	-4	-9	-16	-3	-1	-10	-15	-30
VGFR2_944_956		4	10	19	41	77	4	7	17	40	77	4	9	22	47	97	3	7	22	41	80	6	10	19	46	89	3	7	22	34	84	4	4	20	35	69	5	4	18	39	71	2	7	15	34	67	4	9	17	37	74	6	8	20	43	84	5	8	24	48	95
VGFR2_989_1001		10	20	52	99	208	9	18	48	89	187	15	32	80	163	321	12	26	68	139	277	9	20	53	101	222	7	20	48	103	210	15	35	87	170	341	11	25	61	125	230	10	24	53	110	209	9	19	44	97	195	19	34	90	169	363	13	27	82	155	311
VGFR3_1061_1073		0	1	6	14	25	-1	0	1	-1	0	0	2	5	14	24	-1	1	2	6	14	3	2	3	11	25	-1	1	2	18	13	1	2	7	17	33	1	3	6	15	21	1	1	-1	2	7	1	2	-1	0	15	3	3	7	14	25	2	2	5	11	24
VINC_815_827		-1	1	2	5	8	0	2	-1	-5	-6	-1	0	2	1	6	1	3	1	3	17	0	3	3	0	7	-1	0	0	2	10	1	0	0	7	6	0	1	6	6	14	0	0	4	2	12	1	2	4	1	12	1	2	7	15	28	0	-2	3	8	7
ZAP70_485_497		1	6	22	38	86	2	6	14	37	74	6	15	36	70	139	4	12	29	62	128	7	13	22	54	108	4	9	22	44	83	8	17	46	84	176	6	16	37	69	136	3	7	23	48	101	4	5	18	38	74	7	12	36	63	142	7	14	28	63	125
ZBT16_621_633		1	2	8	11	17	0	0	8	16	19	1	4	2	3	8	-2	1	5	7	10	1	2	3	8	31	0	3	5	8	13	4	3	5	13	31	1	1	4	7	5	0	0	5	8	9	1	2	2	15	18	0	-1	0	0	-2	1	3	7	11	21
FGFR1_761_773		-2	1	1	-2	-1	-1	-1	-1	-1	-5	2	1	-4	4	2	1	2	5	12	19	1	0	0	1	7	1	2	-5	-9	2	0	0	-2	-4	-4	2	2	4	2	5	-1	-1	2	7	1	1	-1	-2	0	-1	0	0	0	2	1	1	0	0	10	14
PGFRB_1014_1028		3	5	15	30	59	2	4	16	32	60	5	10	31	58	113	5	9	22	44	98	4	4	19	39	88	4	5	10	30	61	6	9	27	52	110	3	8	21	43	84	4	4	18	26	72	3	4	12	35	53	5	9	25	45	110	4	9	20	43	74
ERBB2_1241_1253		2	6	18	41	67	1	5	13	29	54	4	7	18	40	88	3	8	23	34	74	2	5	7	30	64	4	6	10	24	70	5	7	24	47	101	5	10	23	50	99	5	6	15	33	72	4	3	14	36	59	5	4	24	51	102	4	6	19	42	71
KSYK_518_530		-1	0	3	7	24	1	-1	0	3	12	1	1	8	6	16	0	1	3	10	20	3	6	8	15	28	2	2	5	12	20	1	2	10	23	30	1	2	7	16	37	2	4	6	18	36	0	0	5	8	20	1	3	10	16	25	0	1	5	15	15
MK12_178_190		1	3	9	13	30	0	2	4	15	22	2	1	9	17	38	3	4	10	23	49	2	4	6	16	31	1	5	4	17	25	1	4	12	14	33	-1	2	6	12	31	3	2	9	18	29	0	3	4	12	26	2	2	9	20	44	1	5	3	8	12
MK14_173_185		-1	-2	-2	-10	-10	-1	-1	-3	-4	-24	-1	-1	-5	-8	-14	0	1	-4	-5	-16	0	-1	-2	-8	-6	-1	-2	-3	-6	-16	0	-3	-7	-8	-21	-2	-3	-4	-6	-12	0	-4	-2	-12	-7	0	-3	-7	-8	-21	-2	-6	-3	-4	-7	-1	-2	-4	-13	-21
PGFRB_572_584		14	26	66	138	279	11	23	65	126	257	22	46	114	234	478	21	36	89	186	387	13	26	68	133	278	11	21	55	109	217	22	39	109	224	445	16	37	96	190	372	14	27	75	148	286	13	26	70	138	272	25	44	124	252	514	22	42	111	222	454
TEC_512_524		-1	4	13	21	45	1	5	7	27	57	3	8	19	31	72	2	6	17	28	56	3	4	15	25	49	0	7	11	15	45	4	6	15	35	75	5	4	19	28	75	2	6	13	27	47	1	2	8	19	34	3	5	19	33	78	2	5	17	35	62
VGFR1_1235_1247		0	-2	-3	-6	-20	-1	1	-3	0	-9	1	1	-3	5	16	-1	-1	-1	1	0	-1	0	-2	-4	-9	-1	1	1	-1	-2	0	-2	-3	-7	-8	0	0	-2	-6	-12	-2	-1	-2	0	-13	0	-1	-1	-12	-25	0	-2	4	1	-3	1	-1	-2	-6	-14
VGFR2_1168_1180		3	1	0	0	9	0	1	0	2	0	3	5	11	17	39	4	4	8	16	24	-1	-1	0	5	7	0	2	0	4	6	2	5	13	17	51	3	3	15	23	38	0	2	6	10	22	1	0	1	3	11	4	4	11	20	38	1	5	12	21	38
ANXA1_14_26		2	7	19	37	84	0	3	8	17	32	6	14	33	66	131	3	7	19	35	72	4	11	24	47	101	3	4	22	35	84	7	14	29	71	118	5	6	22	48	96	3	4	20	39	82	3	8	17	24	59	4	9	27	57	116	3	7	22	40	82
EGFR_1165_1177		1	3	6	9	20	-1	-1	2	6	16	1	6	8	14	28	3	0	4	14	29	0	3	7	17	33	2	4	10	14	48	0	2	9	24	44	1	1	7	12	22	2	3	9	16	33	1	5	8	15	28	0	5	10	18	35	1	0	3	5	14
EPOR_419_431		1	-1	3	18	25	-1	0	7	5	9	3	4	10	23	37	2	3	7	17	39	1	4	8	14	32	1	3	3	13	30	2	5	17	27	52	1	9	9	23	40	0	3	6	11	24	0	4	12	16	28	0	4	9	16	36	0	2	6	15	45
ERBB4_1277_1289		1	2	6	17	27	2	2	9	18	34	1	3	5	9	23	-1	1	6	15	16	0	4	5	25	46	2	2	6	12	32	0	5	11	16	34	2	1	-1	12	17	0	2	0	15	14	1	3	5	10	20	-2	1	6	8	17	1	-3	2	2	10
FGFR2_762_774		1	3	15	21	59	3	3	12	21	45	4	5	15	36	73	2	6	16	34	71	1	8	14	29	65	3	5	20	30	51	2	9	20	38	86	4	8	19	34	73	3	7	13	35	64	5	2	10	24	32	4	9	20	35	69	4	1	11	21	43
FGFR3_753_765		1	3	1	14	34	2	2	6	16	29	3	8	14	25	56	5	4	14	38	61	0	1	9	17	34	2	4	7	14	37	3	7	22	38	68	2	5	16	28	52	4	3	7	25	51	2	4	7	15	32	2	7	20	34	72	3	1	11	22	53
P85A_600_612		10	14	39	73	153	5	16	31	62	128	7	18	46	94	200	4	12	30	62	123	6	17	42	85	171	7	13	31	73	138	9	18	50	99	192	10	17	39	84	167	11	18	45	98	190	9	14	34	72	143	9	21	47	99	208	9	12	35	62	125
PDPK1_369_381		5	15	34	69	134	5	11	32	61	120	10	21	58	113	215	8	18	40	81	167	7	15	31	71	142	6	11	32	62	128	9	20	49	102	193	8	17	43	85	179	5	14	31	69	127	5	10	30	53	118	7	20	53	104	216	13	15	42	83	163
AKT1_170_182		1	3	12	23	53	2	3	12	18	45	5	6	17	30	60	2	6	15	33	67	2	4	15	20	51	2	6	13	25	48	4	6	16	28	52	2	5	15	32	73	1	4	10	20	45	2	4	14	21	46	4	6	14	31	61	5	9	18	41	84
AKT1_309_321_C310S		2	2	0	-1	0	-2	0	0	-3	-5	1	0	3	4	11	-1	-1	0	1	0	-1	1	2	7	0	-1	2	3	-5	5	0	0	4	2	10	-2	2	0	3	2	-1	0	3	9	5	1	0	-2	4	2	-1	0	4	6	12	-1	-2	-2	-3	4
AKT1_320_332		3	1	-2	6	7	0	3	7	4	12	3	6	9	16	42	1	1	6	8	23	0	3	4	5	16	2	2	6	14	21	1	4	10	14	40	2	7	8	14	34	0	0	6	3	13	-1	1	4	3	19	2	2	7	24	39	-1	3	7	15	30
ARAF_297_307		5	7	24	49	87	4	6	23	39	76	5	10	23	49	105	4	9	21	43	99	3	9	24	52	98	3	8	21	32	69	6	13	30	62	119	3	10	25	51	101	3	8	19	40	83	2	6	20	37	82	4	12	33	59	126	6	12	26	47	100
BTLA_252_262		3	4	13	19	53	3	6	11	20	28	4	7	15	31	53	1	7	12	23	51	0	4	12	23	51	3	6	8	18	28	0	4	14	24	34	3	8	18	28	64	1	6	6	22	38	1	6	7	21	44	2	8	15	31	71	3	4	13	27	59
CD28_185_197		1	2	5	20	34	1	1	8	12	19	4	3	9	16	30	1	5	8	21	36	2	5	3	18	31	1	2	6	3	33	4	3	12	23	49	0	3	10	16	27	2	4	9	26	44	2	3	9	19	34	0	3	12	18	40	2	2	7	17	40
CD28_203_215		3	9	22	42	88	1	6	17	40	69	5	10	19	44	92	4	5	23	45	93	4	9	20	38	80	2	8	18	34	69	3	9	22	38	89	4	9	26	50	114	2	6	16	44	80	4	6	21	40	81	5	11	23	53	95	6	9	28	50	104
CD3E_182_194		6	14	35	67	138	8	14	28	60	120	14	22	60	113	236	7	15	42	80	170	7	17	40	81	158	7	12	35	74	146	12	25	65	126	252	12	21	52	101	201	9	16	42	78	168	5	17	36	70	139	11	27	61	118	254	10	16	41	85	163
CD3E_193_205		0	3	12	26	57	2	4	14	28	54	3	6	23	40	79	4	7	15	35	68	0	7	17	33	58	4	3	20	32	77	2	9	26	55	100	1	6	27	41	77	3	5	17	36	73	3	8	15	31	74	3	7	19	40	73	6	11	25	45	97
CD3Z_135_147		1	4	8	25	49	4	8	16	30	62	5	6	19	37	83	3	6	12	33	52	3	7	11	27	54	3	5	10	24	37	3	8	25	47	89	1	5	19	40	77	5	4	11	29	57	2	2	12	19	38	3	9	17	44	90	2	6	16	24	51
CD3Z_147_159		-1	-2	-2	-38	-16	-2	-1	0	-4	6	0	-1	1	-6	-2	1	1	1	-3	1	-1	0	-1	-1	-9	-2	-2	-2	-8	-16	0	1	-5	-1	1	2	2	1	-3	-2	0	3	-4	-2	-5	-2	-1	-3	-5	-13	-3	-1	-4	-9	-18	0	0	2	3	1
CD70_9_21_C17S		13	25	69	149	294	14	23	63	128	254	12	25	65	122	261	14	27	68	143	291	12	25	66	134	261	13	22	63	121	252	12	26	74	145	283	14	28	73	153	308	13	25	70	136	275	14	27	72	140	280	10	26	67	135	270	15	33	81	166	333
CDK1_9_21		8	20	54	114	229	11	18	46	99	193	16	31	79	151	309	14	27	62	127	257	11	22	64	117	224	8	17	45	95	199	16	33	78	165	337	16	29	75	147	298	12	25	65	129	271	10	22	53	108	216	15	34	84	174	329	12	25	66	129	273
CDK4_11_23		2	7	12	25	59	1	2	13	22	51	6	7	29	51	108	5	9	20	48	90	4	4	17	35	60	2	2	13	27	55	6	11	22	50	100	4	13	27	47	102	3	8	17	33	72	4	4	15	24	63	7	10	30	56	120	5	9	23	44	91
ERBB3_1283_1295		1	-2	-4	-1	-16	-3	-1	-4	-7	-8	0	-2	0	-4	-2	2	1	3	2	-3	2	4	2	6	21	0	1	6	9	5	-1	-2	7	3	14	1	2	2	5	5	0	-1	-3	-2	-5	-2	-1	-1	-7	-14	-1	-1	-2	-6	-5	0	-2	-4	-5	-14
FYN_525_537		-4	-5	-12	-25	-46	-4	-4	-10	-25	-50	-4	-6	-12	-18	-45	-1	-6	-12	-23	-54	-4	-5	-7	-22	-31	0	-3	-11	-25	-38	-4	-3	-9	-23	-43	-2	-2	-11	-20	-35	-3	-3	-17	-28	-60	-2	-5	-9	-26	-48	-5	-4	-8	-28	-45	-2	-4	-12	-29	-45
GAB2_638_648		0	1	-4	-5	-23	-3	-2	-6	-12	-16	0	-3	0	-5	-10	-1	-3	-2	-3	-18	-1	0	-5	-5	-8	1	0	-1	-3	-10	-1	-3	-4	-6	-7	-1	-1	-2	-3	-8	0	-1	-3	-7	-7	-1	-1	-3	-8	-11	1	1	-2	-1	-7	-2	-1	-8	-10	-11
GSK3B_210_222_C218S		1	4	16	25	47	1	2	7	14	37	1	3	14	28	54	2	7	10	28	48	2	3	11	22	52	4	4	11	20	26	0	1	12	21	37	0	4	12	20	47	1	6	13	18	54	2	2	6	12	33	1	6	13	30	61	5	6	17	30	54
IRS2_626_638		7	14	42	81	166	9	13	36	80	156	12	20	59	113	219	10	18	44	89	191	9	17	39	92	206	6	14	42	74	158	11	20	52	111	224	7	17	46	98	184	7	19	37	81	166	8	16	45	87	171	12	26	65	130	252	9	20	45	93	175
JAK1_214_226		-1	-2	-1	1	0	-1	0	-5	-6	-8	0	-3	-1	-9	-10	0	3	-1	-3	-2	-2	0	-1	6	2	-1	0	1	-5	-25	-3	-2	2	-1	5	-1	-1	2	-2	-9	-1	2	-1	5	11	1	0	-4	-9	-5	-2	1	-3	-8	-5	-1	1	-7	-10	-13
JAK2_1001_1013		-1	0	-2	-7	-9	-1	-2	-4	-9	-19	0	-5	-2	-7	-14	-1	-1	-4	-6	-10	0	0	-3	1	-11	1	0	-1	-3	-2	-1	-3	-3	-9	-15	0	-3	0	1	-8	-1	0	-3	-7	-17	-2	-2	-4	-10	-20	-2	-1	-5	-14	-28	0	-3	-2	-7	-18
JAK3_974_986		5	4	14	30	62	1	5	10	24	40	4	7	23	48	88	4	5	20	40	67	4	6	19	31	73	4	5	16	40	66	5	11	29	52	109	4	12	26	49	102	2	9	17	34	71	2	6	19	34	72	7	12	29	54	108	2	7	21	43	84
KIT_930_942_C942S		8	14	40	80	159	8	7	36	77	159	14	25	70	148	309	12	23	54	103	224	7	18	43	96	195	11	14	44	84	161	18	32	84	162	326	12	28	68	135	280	10	18	42	94	196	8	18	44	90	190	15	32	78	152	311	12	23	53	120	229
LYN_391_403		1	5	14	28	64	4	5	17	36	76	6	9	30	55	115	6	9	22	45	91	2	10	19	36	79	4	5	19	36	79	8	14	35	72	155	5	11	30	58	103	0	5	15	38	74	2	6	16	26	61	6	9	28	58	113	3	8	19	40	91
LYN_501_512		0	-5	-6	-8	-9	-1	-1	-2	-9	-22	0	-1	-2	-2	-8	-2	2	-6	-9	-21	-1	-2	-4	-1	-11	-2	-4	-4	-5	-17	-2	-1	-6	-7	-19	-1	1	-1	-11	-13	0	-3	-1	-10	-14	0	-3	-5	-1	-13	-3	-3	-8	-22	-34	0	-4	-6	-11	-22
MAPK3_198_210_C203S		-2	-1	-3	-4	-3	-1	1	-2	-1	-2	0	0	-2	-6	-7	5	0	3	2	7	-1	-2	1	-4	-5	0	-2	1	4	0	0	-1	1	3	6	2	3	1	3	9	-2	1	2	8	9	1	1	3	-5	-4	1	1	4	9	13	-1	-3	3	3	5
MET_1228_1240		2	5	12	30	50	1	6	2	23	42	3	5	15	32	50	3	3	12	20	54	2	3	8	23	54	1	3	7	20	49	3	8	23	45	73	1	7	16	29	64	2	3	13	21	54	0	2	13	17	37	3	6	20	39	76	0	2	6	32	57
MET_1360_1370_C1361S		0	-3	-7	-4	-23	-4	-6	-7	-19	-37	1	-2	-10	-13	-38	1	-1	-9	-10	-27	-2	-2	-9	-17	-32	-1	-4	-9	-17	-34	-4	-2	-8	-20	-26	1	-1	-5	-9	-26	-3	-6	-9	-21	-38	-3	-5	-7	-20	-37	-2	-3	-6	-13	-21	-2	-1	-7	-14	-26
MK01_200_209		-1	1	0	13	7	0	3	2	-2	4	3	2	4	4	18	1	1	3	7	24	1	1	0	9	9	3	2	3	0	8	1	0	4	10	24	1	6	6	12	17	-2	-3	-1	-4	2	-2	-1	6	3	9	2	-1	7	11	27	3	8	15	38	76
MK03_199_208		2	0	7	6	24	0	4	5	7	29	2	6	11	13	41	2	3	2	10	20	0	5	3	9	22	-2	1	2	6	15	0	5	5	11	24	3	4	6	16	43	0	1	6	9	5	-1	2	8	13	13	2	4	8	26	48	4	3	13	27	47
MK08_181_191		6	10	27	52	106	2	9	24	52	108	6	11	25	52	103	5	8	26	49	101	4	8	23	43	97	4	6	20	41	82	4	7	24	47	87	3	12	21	48	102	3	12	24	56	107	5	12	28	60	118	6	10	29	54	116	6	11	30	60	130
MK12_180_189_M182B		1	3	9	12	24	1	3	11	18	33	4	5	5	17	35	3	2	11	17	45	0	2	8	14	29	0	1	5	8	21	1	1	6	16	36	1	6	6	12	44	-1	2	7	24	38	-1	2	-3	2	14	2	3	7	13	27	2	1	7	14	22
MK14_177_187		0	-1	2	9	14	0	4	3	13	18	3	4	11	19	40	1	3	1	12	31	3	5	7	11	23	-1	-1	7	17	23	3	4	7	12	16	0	3	3	13	28	-1	3	7	12	20	0	-2	8	8	20	5	3	13	19	53	0	2	6	16	27
PDCD1_221_229_FS219_220KK		-1	2	9	12	35	-1	1	1	-3	12	1	3	5	17	26	1	2	9	18	42	0	0	7	14	36	-1	-1	4	6	18	3	3	6	24	30	2	4	5	14	37	1	3	9	17	32	0	3	6	8	18	2	-1	6	5	14	2	2	7	6	28
PECA1_708_718		50	93	236	478	943	42	84	211	436	834	76	152	387	773	1547	59	117	306	607	1199	46	92	223	454	901	45	88	221	430	875	76	155	398	776	1559	59	119	303	612	1241	43	89	226	455	907	43	91	223	459	910	78	153	399	783	1574	57	116	297	608	1197
PLCG1_777_789		2	0	4	11	26	-2	1	4	6	2	0	3	2	5	-1	1	-1	8	10	15	1	3	6	11	22	0	0	1	-3	-4	0	-1	-1	1	2	0	1	4	11	21	-1	2	5	3	7	1	1	0	1	9	-3	1	3	6	17	0	2	0	0	7
PLCG2_1211_1223		0	1	-4	-5	-5	1	-1	1	-3	-1	0	2	7	2	4	0	-1	-1	-1	4	1	0	-3	6	5	1	1	0	5	8	2	0	4	7	8	0	-2	-2	0	-3	0	-2	-1	-5	-8	0	-1	1	-2	-3	-2	0	-2	-2	1	0	-1	5	1	3
PTN11_541_551		4	6	11	20	47	1	4	9	17	37	1	6	5	23	45	1	6	13	22	44	1	3	9	13	35	1	5	12	13	31	5	3	17	29	54	1	4	14	24	51	2	2	9	17	47	2	2	9	15	31	1	5	14	21	40	3	4	15	30	53
PTN11_57_67		12	28	69	145	290	16	26	73	138	291	25	49	122	258	498	19	37	91	176	360	16	28	69	138	290	16	29	73	154	301	26	48	123	239	488	17	37	103	202	392	14	27	73	142	300	14	28	71	141	290	20	45	111	225	453	15	32	87	178	353
PTN6_531_541		31	60	156	305	605	30	61	150	326	650	52	101	255	517	1040	40	84	220	430	841	27	56	147	312	599	36	61	166	325	651	52	106	278	538	1109	43	84	216	438	867	32	62	155	323	642	33	68	168	338	659	57	116	292	585	1176	40	82	209	425	844
PTN6_558_570		9	15	39	72	163	5	10	27	56	115	10	23	54	113	226	8	19	38	94	185	10	18	44	89	161	9	12	32	66	138	15	21	58	121	245	7	21	48	97	205	8	18	42	80	160	6	15	36	75	146	12	24	63	128	261	10	16	46	96	190
SHC1_309_321		2	5	12	28	50	2	5	12	24	47	1	5	16	28	56	1	6	11	33	67	2	4	11	26	53	4	1	11	23	47	3	7	15	33	61	4	5	15	34	78	2	5	12	27	52	3	6	12	26	51	1	4	17	36	71	5	9	22	45	83
SRC_524_536		-2	-5	-15	-30	-59	-3	-1	-13	-27	-54	-2	-4	-11	-31	-54	-4	-3	-14	-21	-43	-1	0	-10	-18	-36	-2	-3	-12	-23	-42	0	-5	-8	-19	-49	-4	-5	-11	-19	-48	-3	-6	-13	-23	-56	-3	-3	-15	-23	-60	-4	-7	-8	-26	-54	-4	-6	-14	-32	-67
STAT2_684_696		8	11	29	57	111	6	13	28	58	107	5	11	28	51	111	4	15	32	58	125	4	7	28	47	103	3	7	21	46	87	6	8	26	53	106	4	13	28	59	120	6	9	22	52	95	6	11	24	51	108	7	14	32	61	132	6	12	36	71	149
TIE2_986_998		4	0	7	8	15	0	1	6	8	9	2	2	6	12	22	1	3	3	5	16	2	3	4	11	8	0	2	1	6	7	2	1	5	7	10	-1	2	4	16	26	-1	-2	-2	5	4	3	4	10	17	39	-1	2	7	10	14	1	2	4	8	19
TYK2_1048_1060		2	4	19	33	63	3	3	15	31	69	3	7	18	38	85	3	4	16	32	69	7	6	14	33	69	1	6	11	29	58	6	10	21	44	88	0	6	14	38	70	3	6	16	23	53	6	7	11	26	51	3	6	16	33	71	2	10	17	34	68
VGFR1_1320_1332_C1320K/C1321K		0	-2	-9	-8	-13	-2	-1	-11	-2	-3	3	0	-4	-4	0	-1	-1	-4	-1	1	2	0	-2	0	-12	1	0	-4	-2	-5	1	-1	-7	-6	-15	-1	-2	-5	-10	-9	-3	-4	-3	-11	-16	0	1	-5	-9	-21	0	0	-1	0	-2	-2	-1	-2	-3	-9
VISTA_260_270		10	17	47	96	187	7	20	46	92	192	10	21	52	105	216	10	23	53	107	224	9	17	49	92	174	12	16	45	90	177	10	17	46	101	194	10	22	57	116	227	9	16	50	105	198	12	22	52	99	205	9	25	57	108	216	14	26	60	126	250
YES_420_432		4	8	22	38	85	3	4	17	26	61	6	15	37	75	149	4	12	27	53	106	3	7	17	38	74	2	2	18	43	85	7	15	41	85	172	5	12	29	55	104	1	6	17	35	62	1	10	18	40	71	7	15	38	72	147	4	12	28	54	123
CD79A_181_193		102	204	519	1025	2085	96	196	485	985	1975	176	363	903	1821	3444	125	270	680	1359	2722	101	204	525	1048	2076	99	205	508	1029	2041	186	378	938	1902	3407	138	285	728	1449	2898	87	185	476	941	1877	91	186	463	931	1878	162	344	845	1680	3407	119	244	638	1288	2583
CD3Z_77_89		0	3	2	3	15	2	2	7	12	35	1	5	7	14	28	1	3	4	8	25	4	6	12	30	42	0	2	7	14	35	3	4	13	25	67	1	3	7	15	31	0	3	14	21	36	3	2	9	12	36	2	3	4	17	30	2	3	10	28	44
CD3Z_105_117		8	19	42	87	171	7	19	40	87	177	16	35	80	166	324	10	18	48	98	194	8	18	44	77	168	3	19	40	81	164	17	32	82	167	336	11	25	62	125	254	10	14	42	88	174	7	17	42	86	176	15	31	78	158	306	8	20	55	107	230
CD3Z_117_129		0	1	4	7	17	0	2	3	9	12	3	5	13	25	48	0	-1	8	11	35	0	2	5	11	32	1	1	0	8	15	4	3	10	21	52	2	4	12	21	41	0	0	4	12	22	3	0	3	12	25	2	4	8	21	33	1	1	3	15	30
MUSK_548_560		-1	4	5	4	9	1	1	-1	-3	-5	-1	3	-1	0	7	2	2	5	9	21	1	3	3	11	17	-1	1	1	1	2	-1	3	1	8	19	-1	5	1	5	8	-1	2	-1	0	8	2	0	3	1	8	2	1	2	6	13	1	0	2	2	31
ODBA_340_352_D340K		0	0	1	-1	-5	1	-2	-7	-11	-29	-1	-2	-9	-19	-26	-3	-4	-8	-14	-13	-1	-3	-4	-6	-18	-2	-2	-3	-8	-12	3	1	-5	-4	-10	-2	-2	-2	-11	-9	1	-4	-1	-4	-3	-1	-2	-5	-10	-15	-1	-2	-4	-13	-21	-1	-4	-7	-14	-29
GAB1_622_632		1	-1	0	-3	1	-1	2	-3	-1	-5	0	-1	-1	-5	-7	-1	0	2	4	14	2	2	-3	-8	-10	-1	-2	-1	-4	-6	-1	1	-1	7	4	0	2	1	4	9	-2	0	-4	-5	-8	1	-1	-2	-7	-11	1	1	1	6	4	0	1	4	7	12
HAVR2_257_267		8	13	38	70	150	8	13	33	69	137	12	27	64	132	257	8	19	49	96	197	6	16	35	69	140	3	7	29	60	118	9	23	54	112	227	8	16	46	82	169	2	9	35	64	133	7	13	33	70	137	13	24	63	131	272	11	19	43	95	194
IRS1_890_902		1	2	9	16	22	1	2	9	15	30	2	3	7	20	41	1	2	5	12	25	2	3	6	9	43	0	3	5	13	27	2	5	8	19	42	2	6	10	17	53	1	-1	9	19	39	2	5	8	18	39	3	5	13	24	58	-2	3	6	16	33
ZAP70_313_325		25	50	124	274	544	26	51	129	257	531	40	88	216	447	878	32	62	161	333	668	24	54	140	279	564	24	45	119	241	478	41	79	209	419	825	26	60	156	300	621	25	54	133	262	543	26	55	137	278	568	43	81	211	424	853	30	63	161	329	648
MPZL1_236_246		6	13	25	60	111	6	11	23	55	104	8	17	38	81	174	7	15	39	68	139	7	15	30	58	114	2	9	24	51	103	11	16	45	95	184	4	17	36	68	145	6	10	27	60	120	6	10	23	54	109	9	17	45	88	181	11	16	44	86	166
PLCG2_1191_1203_C1200S		34	66	172	357	733	32	69	173	344	691	59	124	318	628	1267	45	88	215	455	902	33	63	172	343	681	28	61	161	329	649	56	109	284	569	1149	38	83	210	419	837	33	62	169	335	674	32	61	162	327	653	59	115	314	612	1209	46	95	240	487	987
PTN11_580_590		4	4	18	30	66	1	6	5	19	41	2	10	22	48	100	2	9	14	38	82	3	8	15	31	75	1	3	15	27	53	8	9	29	51	102	3	8	17	38	81	1	6	22	41	79	5	7	10	26	51	4	6	28	51	103	2	7	19	38	75
ENOG_37_49		43	82	206	431	843	40	81	208	415	835	75	152	376	777	1543	59	125	310	641	1248	40	84	217	428	851	37	74	186	397	769	72	147	381	751	1530	57	118	295	600	1192	39	71	186	369	735	40	84	211	424	826	70	148	383	766	1573	59	115	297	590	1170