BioNavigator Version	6.3.67.0	PamGrid Version	Protocol file name	Nate_Male-Female_Cpt1a LKO_STK image Analysis_7-19-22Date	"Tue, 19 Jul 2022 16:30:19 GMT"																																																								
	Barcode	710374202	710374202	710374202	710374202	710374202	710374202	710374202	710374202	710374202	710374202	710374202	710374202	710374202	710374202	710374202	710374202	710374202	710374202	710374202	710374202	710374205	710374205	710374205	710374205	710374205	710374205	710374205	710374205	710374205	710374205	710374205	710374205	710374205	710374205	710374205	710374205	710374205	710374205	710374205	710374205	710374207	710374207	710374207	710374207	710374207	710374207	710374207	710374207	710374207	710374207	710374207	710374207	710374207	710374207	710374207	710374207	710374207	710374207	710374207	710374207
	Exposure time	5	10	25	50	100	5	10	25	50	100	5	10	25	50	100	5	10	25	50	100	5	10	25	50	100	5	10	25	50	100	5	10	25	50	100	5	10	25	50	100	5	10	25	50	100	5	10	25	50	100	5	10	25	50	100	5	10	25	50	100
	Cycle	124	124	124	124	124	124	124	124	124	124	124	124	124	124	124	124	124	124	124	124	124	124	124	124	124	124	124	124	124	124	124	124	124	124	124	124	124	124	124	124	124	124	124	124	124	124	124	124	124	124	124	124	124	124	124	124	124	124	124	124
	Array	A1	A1	A1	A1	A1	A2	A2	A2	A2	A2	A3	A3	A3	A3	A3	A4	A4	A4	A4	A4	A1	A1	A1	A1	A1	A2	A2	A2	A2	A2	A3	A3	A3	A3	A3	A4	A4	A4	A4	A4	A1	A1	A1	A1	A1	A2	A2	A2	A2	A2	A3	A3	A3	A3	A3	A4	A4	A4	A4	A4
	Sample name	Male Control	Male Control	Male Control	Male Control	Male Control	Male LKO	Male LKO	Male LKO	Male LKO	Male LKO	Female Control	Female Control	Female Control	Female Control	Female Control	Female LKO	Female LKO	Female LKO	Female LKO	Female LKO	Male Control	Male Control	Male Control	Male Control	Male Control	Male LKO	Male LKO	Male LKO	Male LKO	Male LKO	Female Control	Female Control	Female Control	Female Control	Female Control	Female LKO	Female LKO	Female LKO	Female LKO	Female LKO	Male Control	Male Control	Male Control	Male Control	Male Control	Male LKO	Male LKO	Male LKO	Male LKO	Male LKO	Female Control	Female Control	Female Control	Female Control	Female Control	Female LKO	Female LKO	Female LKO	Female LKO	Female LKO
ID																																																													
#REF		112	228	568	1137	2304	114	227	561	1160	2341	110	220	568	1129	2237	107	203	512	1029	2060	106	217	542	1093	2180	107	222	559	1125	2244	109	223	564	1131	2258	113	214	550	1115	2209	105	208	526	1044	2088	105	210	531	1059	2143	97	201	508	1026	2063	105	216	542	1088	2189
#REF		110	223	558	1117	2248	108	224	561	1124	2251	110	220	558	1107	2252	102	210	519	1053	2109	107	216	538	1102	2210	106	215	550	1093	2204	110	217	549	1103	2219	102	211	539	1078	2187	99	206	517	1042	2083	98	206	520	1051	2094	95	196	506	1005	2029	99	208	532	1068	2108
#REF		108	217	559	1103	2204	104	209	536	1071	2155	105	211	537	1095	2168	98	186	470	960	1937	100	202	522	1033	2067	103	206	522	1054	2099	100	202	533	1047	2126	99	203	509	1034	2045	101	200	499	1007	2013	95	195	496	1006	1951	95	191	490	992	1981	103	212	529	1066	2135
#REF		101	203	510	1039	2058	103	205	513	1059	2086	95	200	515	1032	2033	87	184	460	946	1907	100	203	505	1032	2045	95	195	498	984	1978	97	193	501	986	2007	96	193	511	1021	2026	94	194	481	954	1944	92	187	477	957	1947	89	177	446	905	1836	96	198	491	974	1929
#REF		82	164	412	832	1649	77	162	404	810	1628	78	154	386	773	1546	79	152	397	797	1582	84	176	439	878	1749	85	169	425	854	1712	80	166	413	817	1692	79	162	390	786	1577	83	160	416	829	1664	80	157	396	801	1619	76	159	399	793	1582	80	162	392	795	1595
#REF		77	155	395	804	1593	78	160	412	813	1622	77	157	399	813	1598	73	154	364	777	1542	81	169	428	854	1714	81	164	413	823	1652	82	159	414	808	1605	76	155	389	761	1528	81	157	402	810	1603	82	158	394	814	1640	72	147	366	745	1491	79	160	400	800	1621
#REF		90	183	448	909	1796	87	177	457	902	1818	85	175	451	897	1780	92	174	433	876	1761	95	187	469	955	1901	92	179	454	912	1870	86	177	445	918	1824	83	168	419	837	1668	86	169	433	874	1738	84	179	432	878	1760	80	165	409	835	1656	87	179	452	897	1791
#REF		96	190	480	977	1955	94	190	480	970	1955	92	187	469	944	1839	92	189	470	946	1911	99	208	507	1015	2036	97	197	482	994	1983	95	193	481	967	1946	88	188	466	906	1835	94	194	485	969	1945	93	185	466	943	1885	87	178	446	905	1804	91	184	479	940	1889
pTY3H_64_78		356	721	1824	3618	3476	429	854	2128	3779	3471	412	832	2101	3775	3435	380	757	1917	3775	3488	398	806	2025	3754	3401	382	765	1929	3738	3426	389	782	1959	3763	3443	420	847	2109	3778	3443	330	670	1679	3342	3519	392	787	1950	3802	3504	391	781	1958	3766	3431	374	750	1897	3800	3468
ATF2_47_59		-2	-2	-3	-10	-11	-3	-1	-6	-1	-11	-2	-1	-3	-6	-17	-1	-2	-3	-5	-13	0	-3	-5	-8	-15	-1	-2	-3	-8	-12	-2	0	-3	5	-3	-1	-2	-4	-6	-18	-1	-2	0	-2	-8	-2	0	-3	-6	-2	-1	-3	-4	-10	-24	-1	-4	-6	-10	-20
CDN1A_139_151		61	124	315	642	1294	66	134	336	683	1374	77	158	390	803	1601	60	123	317	636	1269	67	136	353	713	1437	72	139	352	743	1486	64	127	322	664	1310	58	128	323	654	1300	67	135	333	673	1368	68	133	331	661	1320	90	186	467	935	1846	84	173	438	887	1766
FIBA_569_581		0	3	-3	0	0	0	-1	2	3	4	1	2	0	2	1	-1	0	1	3	5	1	1	0	1	7	0	2	1	3	8	-1	-1	1	1	6	0	1	0	0	3	0	1	-1	-1	0	-1	0	2	1	1	1	1	2	1	4	1	-2	-1	2	2
IKKB_173_185_C179A		-2	-1	1	-2	1	1	1	-3	0	-2	-1	1	-1	0	-2	-1	-1	0	-1	0	0	0	-2	-1	0	0	1	2	-1	3	-2	-1	-1	0	-3	0	-1	-1	-1	0	-1	0	-2	0	-6	-1	-1	-1	-2	-1	0	2	0	0	1	0	-1	1	-2	2
LIPS_944_956		1	4	9	20	31	2	3	5	15	28	-1	4	8	13	27	1	3	4	13	27	1	2	6	12	26	1	2	6	10	19	0	2	7	12	28	0	2	8	13	27	2	6	9	17	38	-1	2	5	13	26	2	4	9	15	32	1	2	6	11	28
MYBB_513_525		-2	0	2	-2	-9	0	0	-2	1	1	0	2	-1	0	0	-1	-2	0	-3	-5	0	1	-3	-3	-6	-1	-2	0	-1	-1	0	-1	-2	-4	1	0	0	1	-3	2	-1	0	-2	-4	-7	-2	-2	-1	-1	-3	0	0	-2	-5	-5	1	-1	-1	-3	-6
PLEK_106_118		10	24	60	119	239	14	30	71	144	291	21	48	119	242	483	19	40	101	204	415	15	29	75	155	305	15	32	77	154	321	15	36	92	186	376	17	36	91	178	363	12	29	67	137	268	14	31	79	154	313	29	56	136	272	565	29	57	151	296	614
RBL2_632_644		-2	0	0	-6	-3	0	0	-2	-2	1	0	1	1	-5	-3	0	1	1	1	-1	0	0	-1	-3	0	0	1	0	-1	7	-1	0	-1	-4	1	0	0	0	-2	-1	-2	0	0	-4	-3	-1	-1	-1	0	-1	-1	-1	1	0	-4	1	-2	0	-4	1
VIGLN_289_301		-1	0	-1	-6	-4	-1	0	-1	-1	-1	0	-1	-2	-1	-5	-1	1	-1	0	1	-1	0	0	-4	-6	0	0	2	-1	0	0	-1	-1	0	-1	-1	0	1	-1	1	-1	1	-2	-3	-5	0	1	-1	2	0	0	0	0	-2	-2	-1	-1	0	-2	-2
GRIK2_708_720		21	44	99	204	406	14	33	80	159	330	18	39	94	196	386	17	34	84	162	350	18	38	102	209	422	15	32	83	169	337	17	41	102	213	424	17	36	87	181	362	17	36	93	186	383	9	25	60	116	238	19	35	90	182	364	15	30	79	160	334
RADI_559_569		0	0	0	2	4	0	0	0	2	4	-1	2	1	1	2	1	0	-1	0	7	0	1	2	3	2	0	0	2	2	-1	-1	0	0	2	3	-1	0	-2	1	4	0	-1	-1	0	-1	0	0	-1	4	1	-2	-1	-1	2	4	0	-1	-1	2	4
ACM1_421_433		0	1	5	9	29	2	2	5	9	26	1	0	4	14	28	-1	1	2	14	29	0	1	3	9	35	-2	0	10	20	36	1	2	7	6	27	0	3	6	13	37	1	1	1	10	14	0	3	2	12	32	0	1	7	13	41	1	1	3	7	33
ATM_1972_1984		1	-1	-6	-4	-4	1	1	0	1	-3	1	-3	-1	-3	-1	-1	-1	0	-3	-5	-1	0	-1	-1	-2	-1	-1	0	0	0	1	1	-2	-1	1	1	-1	0	-3	-1	-1	-1	-3	-4	-5	0	0	-3	-1	-2	-1	-1	-1	-3	-5	-1	0	-1	-1	-7
CDN1B_151_163		-1	1	-2	-3	-4	-1	0	0	-1	-3	-1	-3	-2	-4	-1	-1	0	-1	0	-2	-1	0	0	-4	-2	-1	0	2	1	0	0	0	-3	-1	-3	-1	0	-1	-2	1	0	0	-3	-4	-11	-1	-2	-1	-2	-3	-2	0	0	-2	-2	-1	1	-2	-6	1
FOXO3_25_37		5	9	21	42	92	4	10	29	49	106	6	9	22	51	105	3	8	22	38	80	4	13	29	59	115	3	12	29	58	114	6	11	26	55	111	5	10	26	51	105	4	7	20	35	71	4	9	22	48	94	5	14	32	60	127	4	9	24	52	108
IKKB_686_698		-1	-1	-2	-5	-4	0	0	-1	-5	-3	1	-3	0	-4	-6	1	0	0	-2	0	-2	0	1	-2	-5	-1	-2	-2	-1	-2	1	0	-3	-2	-3	-1	-1	-1	-1	1	0	-1	-1	-5	-9	0	0	-1	-2	-4	0	-3	-3	-5	-2	0	-2	-2	-1	-3
LMNA_192_204		0	0	-3	-2	-1	-1	1	1	-1	-2	0	-4	-1	0	1	1	-1	-1	-1	2	-2	0	1	1	1	-1	0	2	0	-1	1	1	-2	1	1	1	1	-2	-2	1	1	1	-2	-1	-6	-1	-1	-2	0	-1	-1	0	1	2	1	-1	1	-1	1	2
MYC_51_63		0	1	-2	0	-1	-1	0	2	1	0	0	0	0	-1	-1	0	0	0	-1	-5	-1	1	0	0	1	0	1	3	1	5	0	2	-2	4	0	0	0	0	2	2	0	-1	0	-2	-4	-1	2	-1	-1	-2	-1	1	-1	-1	-4	0	2	0	-2	0
PP2AB_297_309		1	1	1	2	10	1	2	1	1	5	2	0	2	4	6	0	0	3	4	8	0	1	3	4	7	0	1	5	5	7	0	1	0	5	5	-1	1	-1	3	6	2	2	2	0	5	0	-1	-1	2	5	-1	0	1	5	10	-1	0	-1	2	12
RBL2_655_667		0	3	8	15	32	2	5	9	14	33	2	3	12	25	49	2	3	7	16	27	1	3	11	18	40	1	4	11	20	39	2	6	11	21	49	2	2	8	20	37	1	3	4	8	15	2	4	4	13	26	1	6	8	19	44	2	1	7	12	26
YAP1_121_133		-1	-1	-1	-1	-3	0	0	0	-1	-1	0	-1	-1	0	0	0	0	0	4	-2	-1	0	0	-2	-4	-1	0	0	2	1	0	2	1	1	4	0	-1	3	4	5	0	1	-2	-5	-9	0	2	-1	3	-1	-1	0	1	-1	-2	0	0	-2	0	2
KAP2_92_104		3	7	19	41	81	2	9	16	37	70	5	8	21	39	86	1	5	16	30	68	3	8	26	49	96	3	8	21	42	82	1	9	21	40	78	3	4	12	30	63	4	8	16	34	74	2	5	7	17	37	3	11	27	54	114	3	11	27	52	102
RS6_228_240		8	17	40	78	165	5	14	37	73	146	9	16	44	97	186	8	15	35	77	156	6	17	42	88	182	6	17	41	76	151	11	19	51	100	211	7	16	39	81	164	9	15	36	77	155	4	12	30	61	121	9	20	49	97	190	5	15	38	77	154
ACM1_444_456		-1	-1	3	4	9	0	0	4	10	18	0	0	6	9	16	-1	3	0	7	15	0	2	2	6	11	2	1	3	8	13	-1	1	3	13	16	0	1	4	10	21	1	1	4	7	7	1	2	7	9	15	0	2	3	7	18	0	2	3	9	14
BAD_112_124		1	7	17	36	74	3	6	16	33	59	2	6	15	30	68	1	7	13	30	61	4	6	15	32	60	5	4	12	26	50	3	5	13	25	49	1	6	12	26	52	3	7	20	40	78	4	7	17	31	62	2	8	16	34	70	3	6	11	28	64
CENPA_1_14		1	3	13	23	52	1	7	10	26	49	3	5	16	33	66	2	5	12	25	58	2	5	14	32	55	4	5	12	24	49	2	7	15	32	63	2	7	14	33	68	3	7	16	30	58	4	3	15	29	60	3	8	20	40	90	2	7	20	39	81
FRAP_2443_2455		0	0	-1	1	3	1	0	1	5	6	0	0	1	1	6	0	2	3	2	9	0	0	0	2	1	1	1	0	3	7	1	2	1	5	6	0	1	3	5	12	1	0	-1	0	1	1	1	3	2	6	1	1	2	8	15	1	0	2	6	13
K6PL_766_778		-1	-1	1	-1	5	0	-1	2	2	2	0	-1	3	0	3	-1	1	1	3	7	1	-1	1	1	1	0	0	2	1	4	-1	1	0	1	4	0	1	1	2	5	1	0	0	1	2	2	2	2	4	4	-1	0	0	0	1	0	-1	0	2	4
LMNB1_16_28		-2	1	-1	-3	-2	1	0	1	-1	4	1	1	0	0	0	0	2	0	-1	1	1	-3	-3	-1	-2	1	0	-1	1	2	0	0	-2	0	-1	0	0	1	-4	5	0	-1	0	-3	-8	0	0	0	2	2	-1	0	0	-2	1	-1	0	-1	4	5
NEK2_172_184		-1	2	4	5	10	1	0	2	6	11	1	0	1	5	11	1	3	1	7	9	0	1	2	6	12	1	0	4	5	13	0	2	0	5	12	0	1	1	6	14	0	0	3	3	3	1	1	5	4	9	1	0	2	1	6	1	2	3	3	7
PPR1A_28_40		4	12	32	63	130	7	12	36	69	139	7	9	30	59	117	5	12	27	60	116	8	16	36	77	154	6	16	38	74	154	6	17	33	72	141	6	15	40	79	158	4	7	22	45	93	8	13	30	53	117	3	12	29	60	125	4	10	34	62	131
RBL2_959_971		-1	0	-1	-3	-4	0	0	1	1	-3	0	1	-1	-2	-3	-1	0	-2	1	-1	0	-1	-2	-1	-7	-1	-1	-2	-1	-1	-1	1	-2	3	-5	-1	-1	-3	-2	-4	0	-3	-2	-4	-10	1	-1	1	0	-4	0	1	-1	-1	-3	0	0	-1	0	0
ADRB2_338_350		1	6	15	31	60	1	5	12	23	43	2	6	13	27	58	1	5	11	24	52	2	7	15	33	67	2	6	9	23	46	2	6	13	25	56	1	6	13	25	50	3	5	14	28	53	3	3	10	17	37	2	6	14	29	60	2	5	14	26	57
KCC2G_278_289		-1	4	10	25	47	1	5	13	23	43	2	5	9	21	45	2	6	11	19	42	3	4	12	24	50	1	3	8	20	39	0	3	9	16	42	1	4	8	19	36	2	5	12	30	53	2	4	14	24	44	0	5	12	23	46	2	4	14	24	48
RYR1_4317_4329		5	14	38	80	158	7	15	37	80	160	10	20	48	102	209	7	16	37	85	171	11	16	45	90	178	8	17	39	77	165	10	25	57	114	221	7	17	42	83	176	6	14	34	75	138	7	10	31	64	132	10	20	45	98	195	6	14	39	72	152
ACM4_456_468		-1	0	3	7	16	0	1	6	9	14	1	1	5	12	15	0	2	5	8	16	0	2	5	10	18	0	3	4	7	22	-1	3	7	11	24	1	1	7	10	23	1	1	6	7	18	0	2	6	9	18	1	1	3	7	21	1	2	2	7	12
BAD_69_81		-1	2	0	1	-1	0	1	-1	3	5	1	-1	4	4	6	0	0	-1	3	9	0	0	2	-1	8	0	1	3	5	8	-1	0	2	6	5	-1	0	3	5	9	1	0	3	1	0	-1	1	3	3	10	1	0	1	3	9	0	0	3	3	5
COF1_17_29		0	-1	-2	-2	-4	-2	1	0	0	-1	0	-3	-1	0	-5	-1	1	0	0	0	-1	-2	1	-2	-1	0	0	2	3	0	-1	0	0	-3	-3	-1	-1	0	2	1	1	-1	-1	-4	-9	0	0	0	0	-2	0	-1	-1	-1	1	-1	1	1	0	0
FRAP_2475_2487		-1	1	-2	1	-2	0	1	-1	1	-2	0	-2	2	2	-1	0	1	-1	2	-1	0	1	0	1	1	-1	-1	2	2	3	0	2	2	-2	-1	-1	2	0	0	2	0	-1	0	0	-4	-2	-1	0	1	2	-1	1	-2	-1	0	0	1	-1	1	2
KAPCG_192_206		1	2	2	7	15	-1	2	5	6	14	1	2	2	9	13	1	2	4	9	20	1	1	5	8	15	-1	2	4	7	18	0	1	3	8	15	1	3	4	7	15	1	1	4	6	15	0	1	3	9	16	1	0	1	7	18	1	2	4	7	17
MARCS_152_164		1	3	3	10	20	0	3	6	9	25	1	2	8	14	22	0	3	7	11	23	1	3	6	15	23	1	3	5	12	22	3	2	8	13	23	0	4	7	13	25	2	1	5	8	20	1	1	7	14	25	1	3	5	15	28	0	4	7	13	23
NEK3_158_170		0	2	4	9	21	0	2	3	6	16	0	1	4	8	17	0	3	5	6	13	1	3	7	11	22	0	1	4	6	11	-1	4	3	9	13	1	2	2	5	13	1	2	5	11	25	-1	2	5	8	14	1	1	5	9	16	-1	1	6	6	21
PRKDC_2618_2630		-1	4	3	9	13	2	2	4	7	16	1	1	5	11	22	-1	4	5	9	16	1	2	6	8	14	1	2	3	11	17	1	1	3	7	15	1	2	6	6	15	2	0	3	6	13	0	1	6	9	20	1	2	5	10	27	0	2	8	11	18
REL_260_272		-1	2	1	5	15	1	2	4	8	15	1	1	4	6	11	1	1	4	7	13	1	1	5	6	10	1	2	3	8	11	0	0	4	5	12	-1	2	3	4	11	1	0	3	5	12	1	1	6	7	15	0	1	3	4	13	0	0	4	7	16
ART_025_CXGLRRWSLGGLRRWSL		1	6	14	25	52	1	5	10	23	43	2	5	11	26	52	2	4	12	20	46	3	4	18	32	64	2	5	14	25	52	2	3	15	29	57	1	3	14	24	55	3	4	12	23	54	1	4	11	21	47	3	6	13	30	63	2	6	13	24	50
KCNA1_438_450		0	1	1	5	7	1	2	2	2	9	0	1	1	3	5	-1	-1	0	4	9	-1	2	4	6	8	-1	0	0	3	4	2	2	2	2	5	-1	0	2	4	8	1	-1	1	2	7	-1	-1	2	3	7	1	1	1	4	10	-1	3	4	6	8
SCN7A_898_910		0	3	6	13	29	2	3	4	9	25	0	3	7	16	23	0	3	5	8	22	2	3	9	14	29	1	5	5	12	22	0	5	6	11	25	2	0	4	8	20	2	3	8	15	36	0	0	7	12	23	1	3	9	16	33	0	4	9	15	30
ACM5_494_506		4	9	17	39	70	1	7	19	34	68	1	7	18	34	73	3	5	13	27	63	4	10	21	43	87	4	8	18	38	73	2	7	20	40	82	3	7	23	38	79	3	6	20	36	65	3	6	18	38	73	3	9	23	45	89	2	6	17	38	73
BAD_93_105		5	11	24	50	99	2	10	27	49	96	4	7	23	46	93	3	7	18	40	80	5	10	27	53	111	4	11	26	49	101	3	11	27	52	103	6	10	29	57	112	3	7	21	42	86	3	10	24	41	92	4	11	25	50	98	3	7	20	44	87
CSF1R_701_713		2	8	18	32	62	0	5	14	28	54	3	5	18	31	62	2	4	13	28	49	3	7	16	33	67	3	6	13	28	57	3	7	17	33	65	2	5	14	31	59	3	6	18	36	73	3	6	16	30	60	4	8	20	45	89	3	4	14	34	65
GPR6_349_361		0	2	2	4	5	0	2	4	9	12	1	1	3	4	14	1	-1	1	8	14	1	1	4	6	12	0	0	4	3	12	1	1	4	7	12	0	1	3	6	18	0	0	5	4	6	1	2	3	6	13	1	3	3	14	24	1	2	6	8	18
KCNA2_442_454		0	2	2	5	7	-1	0	3	3	9	1	0	1	6	9	-2	-1	1	5	8	1	1	2	6	5	1	2	3	8	15	1	0	-1	7	10	0	1	3	7	15	1	0	0	4	8	-1	-1	2	6	9	2	2	3	10	19	0	1	2	4	12
MARCS_160_172		2	4	10	13	24	0	3	8	12	21	2	0	4	12	22	0	2	6	13	20	2	3	7	12	24	2	3	4	13	22	2	3	6	14	26	1	4	7	11	27	0	2	4	9	21	0	3	6	10	23	1	4	7	15	34	-1	2	5	10	29
NMDZ1_890_902		9	19	42	84	175	7	17	43	90	177	11	24	60	120	251	10	20	54	107	211	10	21	50	101	206	7	19	47	96	194	13	24	61	127	255	11	20	58	111	224	9	20	48	100	199	9	19	51	105	212	16	33	85	170	347	14	29	71	145	298
PTK6_436_448		5	11	26	56	110	3	9	21	42	82	4	10	25	49	100	4	7	17	39	74	5	10	26	52	105	3	9	23	42	89	6	9	24	52	101	3	8	21	42	79	7	7	24	56	109	5	10	22	46	92	5	12	28	59	115	4	11	22	50	105
SRC_413_425		0	1	-1	-4	-7	0	0	1	1	-1	1	0	-2	-5	-5	-1	-1	-1	1	3	0	0	0	-2	-2	-1	-1	-1	-1	0	1	-2	0	-1	-2	0	0	1	0	3	-2	0	-1	-3	-10	0	-2	-1	-4	-7	0	-1	-3	-3	-6	0	-1	-3	-1	-5
CAC1C_1974_1986		3	9	24	47	88	2	8	17	38	71	5	10	26	46	100	4	7	21	39	76	5	10	26	51	104	2	8	16	40	80	4	8	22	42	90	3	6	20	37	77	4	9	24	46	100	4	8	20	39	84	6	12	31	61	118	4	9	27	53	109
KPB1_1011_1023		1	4	11	17	39	0	2	5	14	24	1	3	10	15	29	-1	1	7	13	24	3	5	10	18	38	0	3	6	15	24	0	3	6	14	29	1	1	6	14	27	0	3	10	16	45	1	2	9	14	27	1	5	10	16	39	2	2	10	16	35
SRC8_CHICK_423_435		-1	1	2	-1	-5	-2	2	0	0	3	0	0	0	-1	-1	0	-1	1	-2	-3	0	0	1	1	2	-2	-1	-1	2	0	0	1	1	0	2	-1	0	-2	0	3	-1	-1	0	-1	-3	1	-2	1	-3	-2	0	2	-3	1	1	0	-1	1	0	6
ACM5_498_510		1	3	9	16	38	3	2	8	17	37	0	4	10	19	39	1	1	6	13	26	2	2	8	22	37	1	4	9	20	42	1	5	12	22	40	2	6	8	21	37	0	2	8	16	34	1	5	8	20	37	1	6	9	19	42	3	5	10	20	45
BCKD_45_57		1	2	2	1	7	-1	3	4	5	11	1	1	2	5	14	0	2	2	2	11	1	3	3	7	12	0	1	3	4	15	0	1	2	10	15	2	1	5	7	14	-1	0	2	4	9	0	2	4	8	18	0	2	3	10	20	1	2	2	5	12
CSK21_355_367		0	0	-1	-2	-5	0	0	-1	-4	-3	0	0	1	-2	-1	-1	1	-1	-3	0	0	-2	0	0	-3	0	-3	0	0	1	0	0	1	2	1	0	1	0	-1	-1	-1	-1	-1	-4	-8	1	0	0	-1	-1	1	0	1	-2	-3	1	0	-1	-1	1
GPSM2_394_406		-1	1	6	6	11	0	1	2	5	15	0	1	5	6	11	0	0	5	5	10	1	2	5	7	15	-1	0	4	7	12	2	2	3	5	14	-2	2	2	7	13	0	1	3	5	10	0	1	2	3	9	-1	2	3	7	15	1	1	2	6	8
KCNA3_461_473		0	0	0	0	2	0	2	2	1	6	-1	3	0	1	5	1	1	4	1	8	0	1	1	1	2	0	-1	2	2	8	0	1	2	2	1	0	1	0	4	7	-2	1	1	1	4	0	1	1	4	6	1	0	0	4	8	2	0	2	3	4
MBP_222_234		1	4	4	10	20	1	2	6	11	25	0	3	6	10	17	1	2	5	8	20	1	4	6	12	25	0	2	7	11	29	2	4	7	13	28	0	3	6	14	27	0	2	4	8	14	0	2	5	12	17	0	3	6	11	20	1	4	7	12	19
NOS3_1171_1183		5	11	23	56	108	4	12	29	58	116	6	15	35	72	139	5	12	27	55	110	7	14	32	64	133	6	13	34	66	134	8	14	36	73	144	5	14	32	65	130	6	11	29	57	113	3	13	31	66	133	10	20	54	103	198	8	13	37	66	132
RAB1A_187_199		-3	1	-2	5	-3	0	-1	0	1	4	0	1	2	0	0	0	0	2	0	3	0	0	1	-2	-4	-1	0	2	1	8	1	1	2	4	7	-1	1	1	4	6	0	0	-3	-2	-6	-1	0	-2	0	3	0	1	-1	-3	5	1	-1	2	1	1
STK6_283_295		16	35	89	174	352	15	32	81	161	328	16	34	78	155	316	13	29	71	139	288	18	36	94	192	367	17	33	88	185	359	16	37	86	172	346	14	33	79	155	317	21	42	102	200	416	24	53	134	264	529	20	44	112	230	459	22	40	107	209	424
CFTR_730_742		1	5	14	27	53	1	3	10	16	37	2	4	12	24	44	1	3	10	17	38	3	4	12	27	51	1	2	10	14	37	1	3	10	17	43	1	2	7	15	32	2	5	14	27	63	2	4	9	22	46	2	6	13	26	54	2	6	10	23	44
MYPC3_268_280		11	25	63	125	251	10	18	46	87	177	7	21	52	105	217	9	17	44	93	186	12	21	62	121	243	9	19	48	98	204	9	20	55	108	219	10	19	48	93	189	10	21	60	111	230	6	16	41	81	170	10	21	57	107	223	10	19	46	92	185
VASP_271_283		2	6	17	38	70	3	5	16	35	70	4	10	22	48	94	4	8	22	42	86	3	6	19	37	80	2	7	18	36	72	3	8	17	30	70	2	5	17	36	71	2	6	15	37	78	3	8	19	39	86	5	12	30	57	119	5	12	28	53	111
ADDB_696_708		1	1	4	1	9	0	0	3	5	11	1	0	2	4	11	1	0	2	6	13	0	1	4	8	12	1	2	4	9	13	0	2	4	7	14	1	1	3	8	17	0	0	3	4	8	0	1	5	6	14	1	2	6	6	14	0	3	1	3	9
BRCA1_1451_1463		0	0	-1	-5	-5	0	-1	2	2	1	1	0	0	1	4	0	1	1	-2	3	0	-1	1	2	-1	0	1	1	1	4	0	0	2	2	0	0	1	0	1	4	0	-1	0	-6	-3	1	1	-1	2	1	-1	-1	-2	2	-3	-1	1	-2	-2	1
DCX_49_61		-1	3	1	-1	3	-1	-2	2	3	0	0	1	2	5	7	0	0	3	3	6	2	1	1	3	7	0	0	0	5	9	-1	1	1	3	10	0	1	1	5	11	0	-1	1	1	2	1	1	3	2	7	1	1	2	8	8	0	3	1	-1	6
GSUB_61_73		0	1	2	6	12	0	-2	1	6	15	1	3	3	11	16	0	2	2	6	12	1	2	3	8	17	0	0	6	9	18	1	3	5	8	16	1	2	4	8	15	2	1	4	3	9	0	3	4	8	15	0	1	4	10	20	0	2	5	5	21
KCNB1_489_501		1	2	2	0	3	0	0	3	2	2	0	1	3	7	2	0	0	1	1	6	0	0	2	3	2	1	0	2	3	7	0	1	0	3	5	1	0	2	3	4	-1	1	-1	1	1	1	0	1	2	7	1	1	-1	7	8	1	3	1	3	6
MK10_214_226		-1	0	-2	-5	-2	-1	1	1	-1	-3	0	0	1	0	0	0	-2	-1	0	-2	0	1	-1	1	-4	0	0	0	1	3	-1	-1	0	1	-4	0	0	2	2	1	0	-1	1	-4	-6	0	-1	-2	0	3	-1	2	0	-1	-3	-1	1	0	-1	1
NR4A1_344_356		2	3	5	8	25	2	1	8	15	32	1	2	7	16	29	0	2	7	14	27	1	3	10	21	29	1	3	9	20	34	2	3	10	22	36	2	5	9	19	31	1	2	6	12	25	2	4	7	17	29	2	4	9	21	42	1	3	8	13	33
RAF1_253_265		0	-1	0	-1	3	0	-1	2	2	4	1	0	0	1	4	-1	0	0	1	3	1	0	1	-2	1	0	-1	4	1	7	0	1	2	-1	7	0	0	2	4	10	1	0	0	-3	-3	2	1	3	1	9	0	1	0	2	8	1	1	3	2	5
STMN2_90_102		1	2	3	1	10	0	-2	-1	5	8	1	2	1	5	7	1	0	2	4	7	1	2	4	4	9	1	1	4	2	10	0	-1	2	6	11	-1	1	1	7	10	1	0	3	2	7	1	2	1	5	10	1	0	1	5	11	-1	1	2	5	6
CGHB_109_121		6	16	39	77	155	9	15	42	84	169	8	17	41	81	174	6	14	40	75	154	6	17	45	83	167	8	17	44	87	166	8	17	38	79	162	6	17	40	78	157	10	20	50	91	189	10	20	54	99	210	12	24	61	119	242	11	23	55	110	224
NCF1_296_308		8	22	49	95	190	5	14	37	73	153	10	24	55	108	217	8	21	48	98	197	9	19	46	88	188	7	16	40	76	166	11	22	54	111	225	10	20	50	103	202	13	25	61	119	230	9	18	42	85	167	12	26	63	126	259	11	24	62	114	251
VTNC_390_402		6	18	43	81	171	4	9	25	53	105	6	11	29	56	116	5	10	25	53	110	7	14	36	76	149	2	12	28	56	114	5	13	35	67	144	5	13	31	62	128	7	16	41	82	168	5	11	28	60	118	6	13	32	66	132	4	10	28	52	109
ADDB_706_718		3	4	16	35	66	4	8	23	40	77	7	15	34	66	134	5	12	32	65	126	5	9	19	45	90	4	10	23	46	94	6	12	34	62	130	5	13	33	61	123	4	8	19	38	77	4	10	26	54	102	12	22	56	111	227	8	18	48	96	195
C1R_201_213		-1	0	3	1	1	1	-1	3	3	6	-2	0	2	5	6	-1	0	-1	3	4	0	1	1	3	7	-1	1	1	3	4	-1	1	2	0	2	0	1	0	2	8	0	-1	-1	-1	0	0	1	2	0	5	-1	0	0	2	6	-1	0	-2	1	4
ELK1_356_368		-1	0	1	3	6	1	1	1	3	4	0	1	1	1	2	-1	1	1	1	6	0	-1	0	1	5	2	1	1	4	6	0	0	0	0	2	0	-1	2	3	6	0	0	2	3	-1	0	0	1	-1	3	-1	-1	1	1	3	1	1	0	2	3
GYS2_1_13		4	11	29	57	116	6	13	28	56	110	4	11	26	52	112	2	7	21	42	85	6	13	36	75	148	5	13	32	63	133	5	11	28	55	114	6	13	30	61	118	3	10	20	43	86	4	11	25	50	107	4	10	29	59	109	3	10	25	52	104
KIF11_919_931		-1	-1	0	0	2	1	1	1	0	2	0	0	0	-3	0	0	0	-1	2	3	0	1	0	0	0	0	-2	-1	0	3	1	0	-1	0	2	0	2	-1	4	2	-1	-1	-1	-2	-4	1	0	-1	0	-1	0	0	0	0	-1	-1	-1	-1	2	3
MP2K1_281_293		0	-2	0	-3	-6	0	0	1	0	-2	0	-1	-1	0	-1	1	-2	-1	-1	-1	0	0	-1	0	-1	1	0	-1	2	3	-1	-2	0	-1	0	1	0	-1	0	0	1	0	-2	-5	-7	-1	1	0	-2	0	0	-1	1	-1	-2	0	-1	0	4	1
NTRK3_824_836		0	0	3	7	8	0	0	3	5	8	0	2	3	6	8	0	0	2	5	8	0	0	3	5	11	1	1	3	6	9	0	0	4	4	9	0	2	2	4	11	-1	1	2	2	9	1	0	3	1	10	0	0	4	3	11	0	-1	1	3	10
RAP1B_172_184		0	1	4	10	16	1	2	4	9	17	0	2	6	9	19	1	0	2	10	18	1	3	4	10	21	0	1	5	11	17	1	2	4	13	22	1	2	5	9	21	2	1	3	7	13	1	2	5	6	20	1	3	5	15	29	1	1	4	11	24
TAU_524_536		0	-1	1	-2	-2	0	-1	0	2	0	1	0	2	0	-1	1	-2	0	2	5	0	0	-1	0	2	0	2	1	2	1	-1	1	0	1	3	0	1	3	5	5	1	-1	-2	-4	-6	0	1	-1	-2	1	-1	-2	-1	-1	-1	-1	0	-1	1	2
CREB1_126_138		12	27	71	134	286	12	23	60	122	246	18	36	93	184	371	12	27	65	133	284	14	29	69	144	285	12	26	66	127	264	19	37	101	201	409	13	29	72	146	288	12	25	64	135	269	12	26	62	120	256	16	37	90	183	364	12	26	70	138	284
NCF1_321_333		5	12	32	60	124	3	8	22	45	89	3	10	30	56	115	3	7	25	47	96	5	11	28	55	117	4	8	22	46	103	5	11	28	62	123	4	11	26	48	105	4	11	25	52	106	3	9	21	41	94	4	11	27	55	106	4	10	21	46	92
CFTR_761_773		74	144	368	750	1484	58	112	277	568	1138	75	145	382	762	1530	57	112	281	583	1162	75	153	387	790	1574	64	130	318	650	1298	73	150	385	768	1556	58	123	309	638	1246	67	136	346	702	1405	55	111	279	576	1130	72	147	366	740	1502	55	117	292	596	1179
AKT1_301_313		0	1	-3	-3	-3	0	1	2	2	4	-1	-1	1	3	3	1	0	0	2	1	0	1	1	1	7	0	1	3	4	3	-1	2	-3	2	4	0	-1	2	2	4	0	0	-1	-4	-4	0	-1	1	3	0	-1	1	1	3	0	0	1	1	-1	2
CA2D1_494_506		0	1	6	12	24	2	2	7	13	31	1	2	7	11	23	2	2	3	10	19	2	3	5	16	28	1	1	5	13	28	1	2	6	13	29	-1	1	6	12	31	1	3	7	12	25	1	4	9	14	27	0	5	7	10	27	0	0	4	10	22
ELK1_410_422		0	0	-1	-3	-2	-1	0	0	1	0	0	0	-1	1	-1	-1	1	-1	0	1	2	1	0	0	0	-1	1	1	0	-1	0	0	0	-1	1	0	1	-1	-1	-1	-1	-2	1	0	-1	0	2	1	1	2	0	1	0	-1	-5	-1	0	-2	0	-1
H2B1B_ 27_40		2	1	5	12	20	2	3	8	14	28	0	4	13	23	44	1	5	9	17	33	2	4	9	17	31	2	2	7	14	28	2	5	6	17	33	1	3	7	10	27	1	2	8	14	30	2	4	8	13	30	2	8	18	33	69	4	6	13	29	56
KIF2C_105_118_S106G		3	6	18	38	70	3	7	17	33	70	4	9	23	49	94	3	8	18	39	76	4	9	18	36	77	3	7	18	38	74	4	9	22	44	94	3	8	21	37	78	5	9	20	41	87	5	9	23	45	84	6	15	32	64	134	5	8	22	45	93
MP2K1_287_299		0	1	4	9	24	2	1	7	12	27	0	1	5	14	25	1	4	6	11	21	3	5	7	14	27	1	3	7	17	35	0	3	3	17	37	1	3	7	17	35	1	1	4	7	15	1	2	7	10	25	0	3	6	14	29	2	0	7	11	23
P53_12_24		0	1	6	11	22	1	2	4	13	21	0	2	5	8	19	1	3	3	13	17	2	3	5	9	19	2	1	5	11	20	0	4	2	10	19	-1	2	5	6	19	2	2	5	9	23	1	3	6	11	21	2	2	4	11	23	1	2	5	12	18
RB_242_254		1	2	5	9	19	-1	1	6	12	23	1	2	5	8	17	1	3	4	8	14	2	2	5	9	23	2	3	6	14	26	1	2	3	12	24	2	3	7	12	30	-1	0	2	1	6	1	2	3	8	14	1	2	4	8	14	0	2	3	8	12
TLE2_246_258		0	-1	-3	-6	-6	1	2	1	-3	0	-1	0	0	-2	-4	0	1	-1	1	-2	1	-2	-3	-7	-7	0	0	-2	0	-4	0	1	-4	-2	-2	-1	-1	1	-4	1	0	-1	-2	-7	-13	-1	0	2	-2	-5	0	0	-3	-4	-11	1	0	0	0	-2
DESP_2842_2854		1	1	2	5	9	0	2	2	4	8	-1	0	3	4	5	1	1	1	5	6	1	2	2	5	11	1	1	-1	3	7	1	1	1	3	5	1	1	2	0	6	1	1	5	2	11	-1	0	1	6	9	0	3	4	5	9	1	2	2	4	12
NFKB1_330_342		1	2	10	17	36	2	3	8	17	32	1	3	11	21	42	2	3	9	15	32	2	5	8	21	37	1	2	8	16	40	2	4	9	14	36	1	4	8	12	26	1	5	10	20	44	1	5	9	20	38	2	5	11	25	48	2	4	11	19	43
F263_454_466		34	70	179	360	727	26	52	132	263	523	33	66	167	337	684	29	57	144	290	584	34	70	176	348	705	27	53	139	274	570	32	64	165	332	664	27	56	136	281	564	35	67	172	347	695	22	47	120	229	472	30	63	159	324	649	29	57	144	286	581
ANDR_785_797		2	5	15	31	57	1	7	10	29	58	2	5	16	29	62	1	4	9	24	44	4	5	16	32	68	2	7	14	30	60	3	7	18	31	66	2	5	16	32	65	3	8	16	28	59	2	5	12	33	55	3	8	17	33	63	2	4	11	25	59
CD27_212_224		1	3	3	9	18	1	0	4	11	19	1	3	6	12	25	1	1	5	11	25	1	1	8	12	26	2	2	9	12	26	1	2	7	13	27	1	3	9	15	31	1	3	7	10	21	0	2	6	15	29	2	4	9	16	34	2	3	10	15	31
ERBB2_679_691		5	16	37	77	156	6	15	39	76	161	9	21	52	104	213	8	15	38	77	154	8	17	43	88	182	9	17	42	84	173	10	24	53	107	226	10	21	53	106	205	6	17	35	73	148	8	15	41	86	167	14	28	75	146	301	12	21	50	96	196
H32_3_18		1	3	5	11	21	1	2	6	16	31	2	3	11	19	38	1	3	8	14	33	-1	4	7	18	31	1	5	9	20	33	2	3	13	20	39	1	2	10	16	32	1	2	8	12	26	2	2	10	17	39	3	7	15	27	55	2	5	11	20	43
KPCB_19_31_A25S		3	7	17	35	75	2	8	19	39	89	7	11	27	56	110	3	10	21	44	84	4	10	25	49	99	5	10	25	52	106	4	12	28	55	107	4	12	24	46	93	4	6	20	39	81	4	8	25	51	104	8	18	43	84	172	5	13	29	58	121
MPH6_140_152		-1	-1	-1	0	-2	-2	0	0	1	4	1	1	2	2	2	0	-1	0	1	0	-1	-1	0	2	-1	1	0	-2	1	2	-1	-1	4	0	1	-1	0	-1	2	4	0	-1	-1	-4	-5	-2	-2	-1	1	0	-1	-1	0	-2	0	0	0	1	-1	-1
P53_308_323		-1	0	-1	-2	3	0	0	1	2	9	0	0	-1	4	10	1	0	0	4	5	0	-1	0	3	4	0	1	1	4	8	0	1	3	6	10	1	0	3	6	11	0	1	-1	-1	-4	2	0	2	4	7	1	1	3	6	13	2	1	2	3	6
RB_350_362		0	0	1	2	4	0	0	2	5	8	1	1	2	6	8	1	0	1	3	6	1	1	1	3	4	0	2	1	4	9	0	1	4	7	11	0	1	2	3	10	1	0	2	2	-1	0	1	3	3	9	2	3	5	6	12	1	0	4	4	9
TOP2A_1463_1475		21	39	104	201	410	14	33	76	158	311	21	39	94	190	388	15	30	79	166	332	18	40	99	197	401	16	34	83	170	349	18	37	100	203	411	14	34	85	162	344	21	42	107	210	431	17	33	87	168	342	22	43	107	215	435	17	37	86	173	360
E1A_ADE05_212_224		13	28	67	135	278	13	28	70	136	282	14	32	76	158	309	13	27	68	144	293	13	26	68	139	281	14	30	74	143	289	17	32	81	160	321	12	27	67	133	269	14	30	75	149	301	17	32	79	164	330	18	36	94	185	364	16	30	77	149	307
PLM_76_88		0	-1	0	3	7	-1	0	0	3	4	0	1	1	2	3	0	1	1	2	1	1	-1	1	2	7	1	0	0	1	6	0	1	3	2	3	0	0	2	-1	1	0	1	1	0	0	0	1	-1	6	5	0	-1	3	4	9	0	0	2	4	6
KAP3_107_119		18	35	87	171	346	11	23	64	127	259	16	30	79	158	322	12	28	70	135	280	17	36	90	185	373	13	31	75	146	301	14	30	77	153	318	11	27	69	131	263	18	35	90	177	351	14	29	72	146	297	21	39	95	192	389	15	28	72	142	286
ANXA1_209_221		-2	-2	-2	-3	-8	0	-1	-1	-16	-17	-1	1	1	-11	-13	0	2	-2	-7	-10	-1	-2	2	-13	-15	-1	1	-4	-10	-23	0	-1	-1	-12	-15	1	-3	-1	-4	-13	-2	-4	-5	-9	-11	1	-2	-1	-8	-13	0	1	-5	-16	-20	0	-2	-1	-6	-21
CDC2_154_169		1	1	1	9	19	0	1	0	5	12	1	2	5	5	10	0	1	3	2	11	0	2	3	9	21	1	-2	1	5	13	0	3	2	5	12	1	2	3	8	11	1	1	3	8	17	1	1	3	6	13	-2	1	0	4	14	0	1	3	9	14
ERF_519_531		1	0	1	4	4	1	2	5	8	16	0	0	2	4	6	1	-1	3	5	6	0	0	2	3	9	1	0	1	5	7	0	2	1	3	8	1	1	-1	7	9	0	0	1	2	1	1	0	2	4	7	0	0	3	1	4	-1	-1	2	2	6
IF4E_203_215		1	1	1	5	6	0	1	2	5	7	0	1	3	6	9	0	1	2	5	12	0	0	2	4	8	2	0	1	7	10	2	2	3	5	12	0	1	4	3	11	0	-2	1	1	4	1	1	4	5	9	1	2	3	7	17	0	2	4	6	15
KPCB_626_639		0	0	3	4	8	0	0	1	2	8	0	1	3	3	3	0	0	1	5	7	-1	-2	0	4	4	1	0	0	1	5	1	0	-1	2	5	0	0	4	2	7	1	1	-1	2	4	0	0	1	2	8	0	0	2	3	4	0	1	4	4	6
MPIP1_172_184		1	1	7	13	27	1	3	5	11	25	0	3	7	13	26	1	3	5	11	19	1	4	8	17	31	3	2	6	16	32	2	6	7	16	31	2	2	8	15	31	0	0	4	7	14	0	0	7	9	23	0	3	7	14	24	1	4	7	10	21
PDE5A_95_107		0	-2	0	-3	-4	0	1	-2	2	3	-1	0	1	0	0	0	1	0	0	5	-1	-1	0	-1	-1	0	0	1	-1	-1	0	0	1	-4	-2	1	-1	0	1	1	0	0	-4	-2	-9	1	0	0	0	-1	-1	0	-1	-4	-3	-1	0	-1	-1	-2
RB_774_786		0	1	1	0	-2	1	0	1	1	5	-1	0	1	0	1	-1	-1	2	3	4	0	0	-1	-1	0	0	1	-2	2	0	0	1	0	1	0	0	0	3	3	4	0	0	-3	-1	-7	0	1	-1	1	2	-1	-1	1	-2	-2	-1	0	0	4	3
VASP_150_162		0	4	11	19	40	2	1	7	13	29	1	2	7	16	32	1	2	6	11	35	3	2	8	16	39	1	4	2	12	26	1	5	7	18	34	1	2	5	15	28	2	3	8	15	41	3	2	7	14	30	1	3	10	19	32	1	2	9	19	34
EPB42_241_253		2	2	9	18	37	2	5	8	16	36	1	2	8	15	37	-1	3	4	10	25	2	3	10	20	45	2	3	6	16	43	3	4	9	19	40	2	3	7	17	32	0	4	7	18	41	2	1	6	13	31	0	3	11	21	43	1	4	9	15	29
PTN12_32_44		10	21	56	108	226	11	21	51	104	202	13	32	74	154	310	9	23	57	112	226	10	19	58	118	235	11	23	55	105	216	17	36	82	169	349	14	29	70	139	272	8	17	46	90	180	8	19	44	88	178	12	28	72	137	281	10	21	49	105	202
KCNA6_504_516		40	77	199	403	822	27	53	138	257	537	28	58	147	292	592	25	59	140	297	589	35	72	180	363	722	28	61	140	285	586	32	67	173	335	705	25	55	133	274	532	41	80	202	418	825	25	53	130	263	540	29	61	149	305	626	25	50	134	265	527
pVASP_150_164		699	1384	3473	3606	3089	753	1510	3800	3566	3023	712	1431	3627	3578	3185	656	1328	3259	3592	3081	746	1465	3690	3552	3060	675	1336	3365	3578	3026	718	1403	3556	3554	3164	697	1409	3544	3579	3129	669	1346	3413	3603	3118	727	1437	3587	3596	3107	680	1338	3339	3648	3152	634	1277	3187	3630	3176
CDK7_163_175		-1	0	-2	-1	-2	0	1	-6	-3	7	-1	0	2	1	29	-2	-1	1	9	23	0	-4	4	7	-4	2	4	6	20	34	0	4	8	16	52	0	-1	0	-2	1	-1	1	0	1	-1	1	-1	2	5	37	0	4	4	3	23	1	-1	0	3	25
ESR1_160_172		8	14	38	79	156	7	15	37	73	142	6	16	40	73	154	8	15	39	78	160	6	13	36	74	148	6	17	37	73	155	7	19	43	86	175	7	13	36	72	149	7	16	39	76	156	6	16	35	72	145	7	17	41	83	166	6	14	35	71	141
IKBA_26_38		-1	2	0	-1	2	0	2	0	2	4	1	1	1	-1	-1	0	0	1	3	-5	1	1	2	2	-1	0	0	0	2	1	0	1	0	2	3	0	0	0	2	1	0	-1	0	-2	2	1	1	-3	-3	3	-1	1	0	1	3	0	0	2	0	1
KS6A1_374_386		2	4	5	12	29	2	3	5	10	25	1	2	5	8	24	2	4	6	7	17	2	2	8	17	37	2	2	8	14	25	-1	4	8	10	27	2	3	7	10	29	2	2	6	13	23	-1	4	5	13	28	1	4	7	12	21	0	3	4	11	21
MPIP3_208_220		0	2	0	1	-2	1	1	2	3	2	1	0	5	4	4	-2	0	2	3	5	2	0	0	-1	-1	0	1	4	0	7	0	1	1	0	6	1	0	2	1	4	-1	-1	-2	-3	-3	1	0	2	5	4	0	1	2	4	7	0	0	1	2	4
PDPK1_27_39		-1	-1	-1	-5	-10	0	1	-2	-3	-3	-1	-1	1	-1	-2	-2	1	-3	-3	-2	1	-1	-1	-4	-9	0	0	0	0	-3	-1	-1	-4	-1	-6	0	-1	-1	-4	-3	-1	-1	-2	-8	-17	0	-1	-2	-2	-5	0	0	-2	-3	-9	-1	1	-1	-2	0
RB_803_815		2	1	7	11	21	2	4	6	15	27	2	1	6	15	21	-1	1	4	8	14	2	2	8	13	28	1	3	9	13	29	0	4	8	12	29	1	0	7	12	29	1	3	6	6	21	0	3	4	8	22	2	4	5	11	25	2	1	4	8	19
VASP_232_244		0	-1	1	-3	4	0	2	0	2	4	-1	-1	0	2	1	0	0	0	2	1	1	1	3	0	-1	-1	1	1	2	6	0	1	-3	0	2	0	0	2	1	4	0	1	-2	0	-5	-1	0	-1	1	6	-1	0	-1	2	6	1	0	0	0	2
GBRB2_427_439		18	37	99	201	394	16	36	83	165	328	24	50	128	261	520	15	35	88	181	366	22	42	106	214	429	16	34	90	182	360	26	57	146	288	596	19	41	104	200	419	18	37	92	187	381	15	32	73	152	304	23	49	120	246	501	16	33	83	172	337
PYGL_8_20		-1	1	4	8	17	0	3	7	12	24	-1	1	2	10	13	1	1	1	3	8	2	2	6	12	25	1	1	7	13	27	1	2	6	4	23	0	1	6	9	15	1	1	4	6	8	1	1	5	12	22	2	3	6	12	24	1	3	2	5	19
TY3H_65_77		6	13	28	68	134	4	9	24	48	100	4	13	31	63	130	4	8	23	51	105	7	14	31	72	139	2	7	25	55	112	1	8	24	61	114	4	6	21	47	98	1	9	24	62	118	5	8	19	54	99	3	13	38	66	138	4	9	24	52	109